   0.0000000e+00   0.0000000e+00   7.1054274e-15   1.7347235e-18   1.7347235e-18  -3.0092655e-36
  -1.7023472e-02  -1.4623775e-01   1.9973413e-02   2.4092454e-04   2.4207319e-05  -2.0499914e-04
  -4.1504952e-03   1.1687382e-01   3.7223331e-02  -2.0559864e-04   6.7145818e-05  -4.3075948e-05
   1.1441089e-02  -2.7232653e-03   6.0492880e-02  -6.1759912e-04   1.6205665e-04   1.7351983e-04
   1.5943454e-02  -4.5677410e-02   7.1678987e-02  -3.3221012e-04  -5.7445328e-05   3.7281731e-04
  -2.2326841e-02   4.4682088e-03   7.1548673e-02  -1.0439528e-04  -2.2477454e-04   2.2906469e-05
  -2.3754481e-03   4.3112213e-02   8.0272908e-02  -4.8856647e-04  -5.1660518e-04  -6.2427388e-05
  -5.7212310e-03  -5.7700413e-02   6.4502257e-02  -3.7080380e-04  -5.3199684e-04  -7.7360180e-05
  -8.4698710e-04   1.5886315e-02   6.3311354e-02  -3.7068475e-04  -4.9277541e-04  -2.2256999e-05
  -7.4478612e-03  -2.6385173e-02   6.6526920e-02  -1.9887972e-04  -6.3559914e-04  -8.9428083e-05
   1.6534898e-02   1.1638407e-01  -8.3413532e-03   7.5405669e-04  -9.3651067e-04  -8.1174482e-05
  -1.3148351e-02   1.0824311e-02   2.5726080e-02   5.6541019e-04  -5.5031289e-04  -4.6355792e-04
  -2.2886154e-02   1.4138863e-02   4.0595213e-02   2.7775288e-04  -7.9543211e-04  -5.6670579e-04
  -2.5806927e-02  -1.6428245e-01   4.3969720e-03   1.2984018e-03  -1.1333941e-03  -6.6945394e-04
  -2.3458327e-02   1.6469834e-01   1.7553417e-02   7.1951557e-04  -9.6370978e-04  -8.9091000e-04
  -1.1211250e-02  -3.2467331e-02   4.7961056e-02   2.7742873e-05  -1.1814767e-03  -7.6653932e-04
  -4.0196501e-02  -1.8134982e-01   4.7076727e-02   9.9817681e-04  -1.5805791e-03  -9.7676867e-04
  -5.9799064e-03   1.9024823e-01   5.8414215e-02   3.7742070e-04  -1.2496852e-03  -9.6352009e-04
  -2.1031338e-02  -8.0332475e-02   6.5807426e-02   4.1212288e-04  -1.5324712e-03  -1.0401040e-03
  -3.2126313e-02  -1.3649433e-01   5.2178759e-02   1.2165366e-03  -1.7647352e-03  -1.1967579e-03
  -9.1339691e-03   1.0439730e-01   7.1001097e-02   5.6375970e-04  -1.6120520e-03  -1.1342651e-03
  -6.9465020e-03  -4.0924208e-02   5.6846804e-02   7.9218113e-04  -1.6514517e-03  -9.6952475e-04
   3.2491986e-03   2.2509398e-02   7.0734381e-02   5.8180421e-04  -1.4318960e-03  -7.9151954e-04
   3.1128884e-03  -4.7222566e-02   7.5757620e-02   8.5676397e-04  -1.5072021e-03  -6.3506679e-04
  -3.8056179e-04  -1.6700286e-02   4.5839149e-02   1.1974089e-03  -1.4305030e-03  -6.5871342e-04
   1.1462256e-03   1.9387021e-02   4.6702419e-02   1.0853561e-03  -1.4416208e-03  -5.7520689e-04
  -6.5072551e-03  -6.9532143e-03   6.2915589e-02   7.4127979e-04  -1.4696843e-03  -6.0362644e-04
  -1.3746465e-03  -4.6997530e-02   9.5622648e-02   1.9074710e-04  -1.7557555e-03  -5.9470450e-04
  -1.1327350e-02  -9.3022344e-02   7.1175968e-02   6.3661392e-04  -1.8156465e-03  -7.9213712e-04
  -3.6362676e-03   3.6458480e-02   9.6715711e-02   3.7873739e-04  -1.6102650e-03  -7.1431360e-04
   6.8952269e-03  -1.8111121e-02   1.1087238e-01  -2.2008959e-05  -1.4844186e-03  -5.1667111e-04
  -6.3921814e-03  -2.9814052e-02   1.2558206e-01  -1.7074648e-04  -1.5867393e-03  -5.7398010e-04
   7.0791595e-03  -4.5177854e-02   1.2733529e-01   2.5625430e-05  -1.5337134e-03  -5.2840215e-04
  -4.8676097e-03   4.2643782e-02   1.2800398e-01  -2.9017378e-04  -1.3732012e-03  -5.4979972e-04
   3.6067052e-03  -3.5779937e-03   1.4637028e-01  -5.6547354e-04  -1.5395738e-03  -4.9534356e-04
  -6.5136951e-03  -2.9065926e-02   1.4790960e-01  -5.3268676e-04  -1.7138405e-03  -3.6593139e-04
  -1.6105826e-03  -6.6539496e-02   1.4663239e-01  -2.0328662e-04  -1.6838398e-03  -4.3581997e-04
   1.1839851e-02   7.0748514e-02   1.6098144e-01  -7.2648919e-04  -1.5783358e-03  -3.7378327e-04
   8.3387557e-03  -2.0581997e-02   1.6765387e-01  -9.4343854e-04  -1.6272256e-03  -2.1191335e-04
   8.6330841e-03  -1.9009000e-02   1.8427955e-01  -9.0278404e-04  -1.7759207e-03  -1.8122073e-04
   2.9050507e-03  -3.1236740e-02   1.8025364e-01  -5.9782477e-04  -1.5936520e-03  -2.1190132e-04
   1.7787921e-02   2.6770756e-02   1.6769055e-01  -6.4778653e-04  -1.5097419e-03  -1.0851740e-04
   1.9111254e-02   2.7526544e-02   1.7642510e-01  -9.6842472e-04  -1.2475535e-03   8.0162687e-05
   1.1476524e-02   3.0972528e-02   1.8646605e-01  -1.2926123e-03  -1.3914460e-03   2.6325530e-04
  -1.2109079e-02  -6.9447684e-02   1.7007393e-01  -9.3212675e-04  -1.6330893e-03   1.6841646e-04
   2.7184484e-02  -8.4181735e-03   1.8228398e-01  -7.2447304e-04  -1.5188225e-03   2.3965378e-04
   2.2448383e-03   5.1480673e-02   1.9339199e-01  -9.0460478e-04  -1.6825655e-03   2.9758686e-04
   2.2058612e-02   4.8763078e-02   1.9367210e-01  -1.0836415e-03  -1.8911948e-03   4.6996732e-04
   2.3785734e-02   1.1205975e-02   2.2154320e-01  -1.4938308e-03  -1.8922433e-03   5.5579490e-04
   1.0402673e-02  -5.2731893e-03   2.3423572e-01  -1.3900743e-03  -2.2677448e-03   5.2902222e-04
   6.4989820e-03   1.3468190e-01  -1.6615615e-01   1.6606831e-03   8.9018924e-04  -2.4595782e-04
  -1.6038447e-02  -1.3802663e-01  -1.3955474e-01   2.3237903e-03   8.7692124e-04  -4.3217273e-04
  -2.8580713e-02   1.3282653e-01  -6.3763711e-02   1.0765341e-03   5.3268031e-04  -5.4890903e-04
  -2.5790276e-02  -2.4490513e-01  -1.0566832e-01   2.3184244e-03   3.3227990e-04  -6.7765072e-04
   7.2880723e-03   2.6347165e-01  -5.7194794e-02   1.2457830e-03   4.6672998e-04  -5.7274682e-04
   7.7688682e-03  -1.5625633e-01  -1.2841599e-01   2.6694582e-03   3.0513105e-04  -3.5978727e-04
  -3.3377811e-02  -2.8130668e-02  -8.3218015e-02   2.3186505e-03   1.6202092e-04  -5.9784617e-04
   2.4714405e-05   1.1123852e-01  -5.9760588e-02   1.5830008e-03   1.2183089e-04  -5.4778642e-04
  -4.1778681e-02  -2.5965550e-01  -6.3620120e-02   2.4458203e-03  -7.9741907e-05  -6.7875960e-04
  -8.4324153e-03   1.8105707e-01  -3.0029658e-02   1.6252037e-03  -8.3030820e-05  -7.4748089e-04
  -1.2686279e-02  -1.8639840e-01  -3.6148973e-02   2.1604653e-03  -3.8102364e-04  -6.8176368e-04
  -3.2958823e-02   2.3815514e-02  -9.0013544e-03   1.6689906e-03  -4.1766014e-04  -9.1727589e-04
  -1.1165341e-02   5.4532794e-02   3.9731691e-02   5.0140128e-04  -4.1371141e-04  -1.0811726e-03
  -2.2426412e-02  -2.2048634e-01   7.3768090e-03   1.5547058e-03  -5.2724028e-04  -1.0514586e-03
  -6.2949791e-03   1.7525514e-01   8.3790762e-03   1.2617133e-03  -9.4725874e-05  -9.2022752e-04
  -2.7961220e-03  -1.4966258e-02   1.0685214e-02   1.1444941e-03  -1.0463696e-04  -6.9389182e-04
  -4.2516247e-02  -1.3861552e-01   1.9310380e-02   1.5360225e-03  -4.6615258e-04  -1.0547232e-03
   1.1421854e-02   8.2309751e-02   3.8924439e-02   8.9462988e-04  -2.8689694e-04  -7.4531336e-04
   1.0438307e-02   5.8432748e-02   5.7692921e-02   3.6396314e-04  -1.9480685e-04  -4.0350456e-04
  -4.8135373e-02  -2.1520750e-01   4.7730974e-02   1.1665967e-03  -5.0614235e-04  -8.1906586e-04
  -1.7003291e-02   1.2902686e-01   5.6148527e-02   6.5393843e-04  -4.0701319e-04  -9.4743914e-04
  -1.8175015e-02  -5.8874491e-02   5.4621847e-02   6.9614804e-04  -5.9281986e-04  -8.8569719e-04
  -6.0983707e-03   1.9118349e-02   8.7045562e-02   1.1964841e-04  -6.1535458e-04  -7.7227083e-04
  -1.5770465e-02  -8.6331488e-02   1.1356727e-01   2.6546710e-04  -6.9619120e-04  -7.4296823e-04
  -1.4551058e-02  -2.6851065e-02   1.1398007e-01   2.5337556e-04  -5.6976332e-04  -7.0574240e-04
  -1.6058322e-02  -2.5690494e-02   1.1024365e-01   6.6172259e-04  -4.5914718e-04  -7.7725190e-04
  -3.5600279e-03   8.2192310e-02   1.4881144e-01  -2.0658341e-04  -3.6164102e-04  -5.7216283e-04
  -6.4324889e-03  -8.3432031e-02   1.6411856e-01  -3.2397739e-04  -4.8872776e-04  -5.0865864e-04
  -2.0135083e-02  -5.6335658e-02   1.5410881e-01   1.3523911e-04  -5.0565258e-04  -6.4763376e-04
  -9.1727572e-03   3.0583117e-02   1.8726895e-01  -3.1693704e-05  -5.5371789e-04  -6.4958573e-04
  -8.2251455e-03   1.8502531e-02   1.7422616e-01  -7.4922535e-05  -4.2372568e-04  -6.6331748e-04
  -1.9759211e-03   5.3845167e-03   1.6924144e-01  -1.6996563e-04  -3.2738586e-04  -5.0967943e-04
   3.9434024e-03   3.6368380e-02   2.0802624e-01  -7.1668771e-04  -3.8796603e-04  -3.0367619e-04
   6.6489884e-03  -7.8255642e-02   2.2870331e-01  -5.3497294e-04  -6.0672372e-04  -1.3949457e-04
  -8.7075480e-04   1.5133291e-02   2.2079281e-01  -4.7189652e-04  -5.5723209e-04  -2.6439283e-04
   4.6230858e-03   2.3304137e-02   2.2095120e-01  -3.6183358e-04  -4.3637230e-04  -1.9797665e-04
  -2.2133639e-03   1.7711747e-02   2.4231759e-01  -7.0957235e-04  -4.2928251e-04  -1.1391468e-04
  -4.7794164e-03  -3.6895796e-03   2.5821193e-01  -8.3002549e-04  -6.4579285e-04  -1.1382468e-04
  -9.8625971e-03  -1.6454661e-02   2.5612662e-01  -9.0812822e-04  -6.2390698e-04  -2.2929747e-04
   2.0381973e-02  -3.5295276e-02   2.3712630e-01  -9.4305056e-04  -5.4076583e-04   1.2786666e-05
   1.2520074e-03  -4.8305405e-02   2.7109071e-01  -7.2930918e-04  -7.1822144e-04   9.5942569e-05
  -1.4041422e-02  -1.4024919e-02   2.7852453e-01  -7.4733450e-04  -8.2254943e-04  -1.4667682e-04
  -2.5488110e-02   3.9218375e-02   2.7108056e-01  -6.3642940e-04  -1.0559923e-03  -4.6049524e-04
  -8.1833945e-03   2.5825967e-02   2.9554151e-01  -1.2105974e-03  -1.2326228e-03  -5.0807853e-04
   9.3119952e-03  -2.1828804e-02   3.0865752e-01  -1.1005734e-03  -1.5295337e-03  -2.4464395e-04
  -1.1465798e-02  -6.8323559e-02   3.2696853e-01  -8.9753303e-04  -1.6144591e-03  -4.5047375e-04
   7.6698123e-04   2.6226925e-02   3.2257558e-01  -8.4052049e-04  -1.6119703e-03  -4.9264050e-04
  -3.0573319e-02   2.0402131e-02   3.4083221e-01  -1.3743540e-03  -1.8490584e-03  -6.2621552e-04
  -1.0978790e-02  -4.2248351e-02   3.6672279e-01  -1.4605145e-03  -2.1211025e-03  -6.1526535e-04
   1.1432850e-02   1.4664465e-02  -1.1955809e-01   4.5948608e-04   8.2629704e-04   4.9920550e-04
   1.0699046e-02  -2.6570605e-02  -8.6497243e-02   1.0160810e-03   7.2734846e-04   5.0325191e-04
   1.2061652e-02   5.3877379e-02  -1.0674136e-01   1.3456261e-03   9.4743782e-04   6.5940314e-04
  -6.5539514e-03   9.4476652e-02  -8.3594776e-02   9.3985009e-04   7.7443611e-04   4.1634515e-04
   2.4282449e-02  -7.9908679e-02  -5.5979368e-02   6.0092419e-04   7.5536933e-04   7.1389847e-04
   6.5527726e-03  -2.6949740e-02  -6.7027602e-02   9.1974783e-04   6.9186909e-04   7.2694863e-04
   7.9118248e-03   1.1937147e-02  -6.3502163e-02   1.1781418e-03   6.1833517e-04   6.7516210e-04
   1.2280377e-02   4.0705688e-02  -5.8607732e-02   5.1536289e-04   6.6764775e-04   6.2436876e-04
   2.5763208e-03  -1.2874162e-02  -4.0235830e-02   2.3354742e-04   4.8832295e-04   7.1629641e-04
   6.8895482e-03  -6.3686471e-02  -5.3429755e-02   7.3659456e-04   4.6405065e-04   6.5288997e-04
   6.2593220e-03   5.0710325e-02  -8.0319335e-02   1.0037737e-03   6.0918589e-04   6.0558234e-04
   3.9448027e-02   9.5284534e-02  -2.0239216e-01   2.2826728e-03   5.2058575e-04   7.8012396e-04
  -9.5890070e-03   7.6087916e-02  -2.6290682e-01   2.1260367e-03   1.2655976e-03   5.1876278e-04
   6.0335666e-02  -1.8773892e-01  -2.1307291e-01   3.6247594e-03   9.3537806e-04   4.5419719e-04
   2.0128640e-02   5.8238313e-01  -1.0011021e-01  -3.8193243e-04  -5.9927305e-04  -2.0347522e-04
  -2.5481046e-02  -2.1723023e-01  -7.1645493e-02   5.4823480e-04  -5.9058657e-04  -5.6910752e-04
  -1.5428580e-02   2.2276283e-01   1.3944139e-02  -1.1378079e-04  -6.9081013e-04  -8.6861457e-04
  -5.1270249e-04  -1.5781218e-01   1.2614507e-02   3.2698794e-04  -1.0325431e-03  -6.4700597e-04
  -2.9916796e-02  -3.0366230e-02   1.7579660e-02   6.7804189e-04  -8.2251450e-04  -8.6858927e-04
  -2.4706703e-02   1.0306867e-01   4.6134473e-02  -1.5786628e-04  -9.8167243e-04  -9.3818853e-04
  -5.0994412e-03  -1.2229091e-01   6.6236209e-02  -1.9174842e-05  -1.0433374e-03  -7.7743870e-04
  -1.4320554e-02  -3.6060120e-02   9.3305062e-02   1.0243300e-04  -1.1198092e-03  -9.2695948e-04
  -9.2832568e-03   7.8448008e-03   1.2255400e-01  -1.3193857e-04  -1.1254963e-03  -8.0392018e-04
  -9.9553645e-03  -4.6349338e-02   1.3388050e-01   4.3187460e-05  -1.1116636e-03  -8.4211801e-04
  -2.5354666e-02   2.1293078e-02   1.7403115e-01  -2.4556302e-04  -1.2592388e-03  -9.2983068e-04
   5.4365371e-03  -1.9896299e-03   1.6963108e-01  -2.7279456e-04  -9.2357271e-04  -9.1767619e-04
  -8.9737063e-03   9.3950857e-03   1.8170891e-01  -6.0313157e-04  -8.8772550e-04  -8.0186496e-04
  -4.1029175e-02  -9.6902088e-02   1.9323659e-01  -2.9207968e-04  -1.0851875e-03  -1.0538382e-03
  -9.4042768e-03   6.6868299e-02   2.0819767e-01  -5.8687216e-04  -1.2208299e-03  -9.5933986e-04
  -2.4288680e-02  -7.4029289e-02   2.1150465e-01  -2.1460018e-04  -1.1891963e-03  -1.0914277e-03
  -8.2164293e-03   7.7722047e-02   2.3069196e-01  -8.7162512e-04  -1.0318560e-03  -8.9760570e-04
  -1.5838454e-02  -5.8076014e-03   2.5588949e-01  -1.1490016e-03  -1.1525460e-03  -9.6721194e-04
  -1.1002358e-02  -1.0842196e-01   2.4141482e-01  -5.2936229e-04  -1.0467130e-03  -9.1742252e-04
  -4.5130481e-02  -6.0689793e-02   8.0788333e-02   5.9226939e-04  -7.3154239e-04  -1.2237080e-03
  -7.2134195e-05   1.1713269e-01   1.0434054e-01   8.6215108e-05  -7.7343931e-04  -9.9619657e-04
  -1.4338885e-02  -3.5644471e-02   1.1121133e-01  -1.5132899e-04  -8.0756200e-04  -9.1916306e-04
  -3.8308911e-03  -4.2375432e-02   1.1331142e-01   2.4201535e-04  -8.3450283e-04  -7.0342849e-04
  -2.5731387e-02  -3.8490461e-02   1.2936467e-01   4.8403625e-04  -1.0630564e-03  -8.6584628e-04
  -4.9082186e-04   9.2672190e-02   1.4714931e-01  -2.2996482e-04  -9.5759068e-04  -7.5783695e-04
  -1.4148978e-02  -8.1908424e-02   8.7839621e-02   2.1806108e-04  -1.1604140e-03  -7.2026405e-04
  -4.4086488e-03  -4.9625093e-02   1.0035552e-01   5.5611212e-04  -1.1664685e-03  -6.8131226e-04
  -6.9765897e-03   5.6075254e-02   1.2686387e-01  -2.6192459e-06  -9.2038879e-04  -7.9028970e-04
  -2.0024024e-02  -2.7910445e-02   1.4699100e-01  -2.0989771e-04  -1.1551197e-03  -8.3308712e-04
  -2.0838821e-02  -5.8997206e-02   1.3915807e-01   1.3086353e-04  -1.3917017e-03  -9.5169691e-04
  -1.9140869e-02   1.5947118e-02   1.5835575e-01   2.7664003e-06  -1.3037544e-03  -1.0963691e-03
  -1.8288135e-02   2.2356588e-02   1.5887962e-01  -2.6835862e-04  -1.4852994e-03  -1.1845648e-03
  -1.5980395e-02  -6.8654777e-04   1.6867011e-01  -4.9854017e-04  -1.5732737e-03  -1.2370219e-03
  -2.1135947e-02  -1.2216129e-01   1.6140106e-01   1.9344543e-04  -1.6087824e-03  -1.1910401e-03
  -1.5191981e-02   5.2973372e-02   1.6746938e-01  -9.2563118e-05  -1.4793637e-03  -1.1864477e-03
  -5.9063026e-03   1.8047688e-02   1.9406794e-01  -4.4396905e-04  -1.5584270e-03  -1.0666382e-03
  -1.3808828e-02  -8.1293032e-02   1.8279679e-01  -1.4259008e-04  -1.6282659e-03  -1.0941791e-03
  -1.7963950e-02   2.9865931e-02   1.7829378e-01  -2.6752089e-04  -1.4600796e-03  -1.1885945e-03
  -1.6235812e-02   1.3927332e-02   1.7757584e-01  -3.9488287e-04  -1.4884826e-03  -1.1653914e-03
  -2.1816473e-02  -6.4919854e-03   2.0323827e-01  -7.3842387e-04  -1.6456332e-03  -1.1982470e-03
  -2.4996600e-02  -5.3425710e-02   2.0995673e-01  -5.6209562e-04  -1.7647103e-03  -1.1985076e-03
  -1.8062966e-02  -1.4329363e-02   1.9135842e-01  -2.2580907e-04  -1.7269878e-03  -1.2530910e-03
  -2.4722792e-02   5.4432451e-03   1.9957460e-01  -2.5385350e-04  -1.6121194e-03  -1.3812609e-03
  -8.8332016e-03   2.4566419e-02   2.0759102e-01  -4.5737959e-04  -1.5079223e-03  -1.1923374e-03
  -2.4480798e-02   8.2353834e-03   2.2903925e-01  -7.5048793e-04  -1.5444063e-03  -1.2337029e-03
   1.5851779e-02  -1.5329498e-02   2.3836271e-01  -6.1397228e-04  -1.4318078e-03  -7.9505603e-04
  -1.7982420e-02  -1.1636468e-02   2.4397091e-01  -6.9231004e-04  -1.3588596e-03  -7.6705203e-04
  -2.4040420e-02  -3.8820149e-02   2.2099326e-01  -3.5650164e-04  -1.5040557e-03  -1.0607947e-03
  -1.4555405e-02   8.9142832e-04   1.9783623e-01  -1.2264557e-04  -1.3488482e-03  -1.0851973e-03
  -2.2762306e-02  -7.4517317e-03   1.4596763e-01   8.7798837e-05  -1.4119825e-03  -1.1849901e-03
  -1.5365069e-02   6.6234089e-03   1.5658380e-01  -1.4819889e-04  -1.3451255e-03  -1.1231645e-03
  -5.7909822e-03  -1.6044132e-02   1.4935007e-01  -7.1295480e-05  -1.2948227e-03  -9.0414783e-04
  -1.8764512e-02  -6.8568268e-02   1.2954282e-01   4.0212155e-04  -1.1691305e-03  -9.0014309e-04
  -8.4176924e-03   5.9815461e-03   1.0888359e-01   5.9393314e-04  -9.9713598e-04  -8.8697360e-04
  -4.6773809e-03   3.5819069e-02   1.2494759e-01   1.7906519e-04  -1.0424807e-03  -7.1994313e-04
  -1.6186422e-02   4.3141505e-02   1.2764758e-01  -1.6204724e-04  -9.2033294e-04  -7.1837540e-04
  -9.9908809e-04  -1.3942869e-01   1.1095302e-01   4.7269114e-04  -9.5752713e-04  -5.6789752e-04
  -1.5673683e-02   3.6583877e-02   6.6048659e-02   7.7557193e-04  -8.4204507e-04  -6.5508792e-04
   3.4989908e-02   2.2313939e-01   7.6979645e-02   5.1030003e-04  -9.3580171e-04  -5.1391967e-04
  -3.5596328e-02  -2.7897882e-01  -2.1348735e-02   2.2972202e-03  -7.4905423e-04  -7.6515649e-04
  -2.1619099e-03   2.7794098e-01  -6.2089484e-04   1.3807062e-03  -4.2662925e-04  -7.0766220e-04
  -4.1169110e-02  -2.1322954e-01  -1.7113229e-02   2.0486807e-03  -1.0178849e-03  -7.9294470e-04
  -1.3027880e-02   6.2460901e-02   9.2686501e-03   1.9494399e-03  -8.6323718e-04  -9.7336039e-04
  -2.7002387e-02   8.2879364e-02   4.9917424e-02   9.9244377e-04  -9.4450332e-04  -1.1134157e-03
  -1.0820022e-02  -1.7072730e-01   1.3799983e-02   1.9749139e-03  -1.1547535e-03  -1.0762603e-03
  -3.2911979e-02   4.6360088e-02   1.5543298e-05   2.2284419e-03  -1.2104859e-03  -1.2310731e-03
  -7.7984564e-03   1.4031684e-01   4.6170868e-02  -2.0295071e-03   4.4542824e-04   4.7566784e-04
   1.1984618e-02  -2.0946179e-01   3.1826145e-02  -7.1868722e-04   1.1903277e-04   5.5148109e-04
   2.3063114e-02   1.0260131e-01   1.7450100e-02  -7.4374143e-04   1.8700612e-04   7.0911596e-04
   2.7387730e-02   2.3328630e-02  -3.3682327e-02  -7.0508065e-04   4.6894695e-04   7.5381119e-04
   2.5556645e-02  -6.7584587e-04   2.1088641e-04  -8.5302524e-04   4.3773008e-04   1.0165912e-03
   4.8166825e-02   1.9157597e-02  -8.1591496e-03  -8.9361204e-04   8.5331957e-04   1.3493283e-03
   1.5014207e-02  -7.8969310e-02  -2.0396874e-02  -2.0361758e-04   9.3874422e-04   1.2089321e-03
   2.6932321e-02   7.9519031e-02   3.3537119e-03  -5.7532009e-04   7.9772356e-04   1.3094460e-03
   5.0920173e-02   7.3631056e-02  -1.5162721e-02  -1.0165334e-03   1.0037900e-03   1.6126644e-03
   2.8845768e-02  -6.1944786e-02  -2.5088086e-02  -6.4263591e-04   1.0730046e-03   1.6665113e-03
   1.7276653e-02   5.5330251e-02  -1.6519600e-02  -6.9858410e-04   9.4672044e-04   1.5541333e-03
   3.2397713e-02   4.7395377e-02  -3.5270858e-02  -1.0033151e-03   1.0891157e-03   1.5309384e-03
   1.2796824e-02  -2.0261550e-02  -3.4704854e-02  -1.0174735e-03   8.7333712e-04   1.5003630e-03
   7.8312747e-03  -3.1765956e-02  -2.7086049e-02  -7.9396932e-04   7.3317678e-04   1.3029893e-03
   2.0843775e-02   1.0483829e-01  -3.3767185e-02  -1.3656173e-03   8.4147427e-04   1.2762868e-03
   2.3034495e-02   5.5849407e-02  -4.8569544e-04  -1.7582989e-03   7.9162395e-04   1.2199099e-03
  -7.7473551e-03  -1.5549709e-01  -3.0362688e-02  -6.9610487e-04   5.4905480e-04   1.1523244e-03
   2.0790131e-02   1.3875123e-01  -4.5304348e-02  -9.4739843e-04   8.0965169e-04   1.0189156e-03
   1.2141019e-02   1.0261125e-02  -2.9382692e-02  -1.5203340e-03   7.8665355e-04   1.1010275e-03
   2.9856490e-02   5.4097420e-02  -1.0340728e-03  -1.6774839e-03   6.7093756e-04   1.2519072e-03
   5.0740212e-03  -8.8813864e-02  -2.0483220e-02  -9.7133434e-04   5.7270883e-04   1.1364291e-03
   2.7426400e-02   1.5281130e-01  -9.4378090e-02  -2.0211126e-04   6.4629456e-04   1.1994685e-03
   1.9409558e-02   1.4943148e-01  -3.5993469e-02  -1.3930988e-03   9.9864174e-04   1.0153644e-03
  -7.3909267e-03  -2.7186731e-01  -1.2260015e-01   2.9080551e-04   4.6289050e-04   9.3675649e-04
   1.0733367e-02   2.0405250e-01  -9.8129363e-02  -3.1411844e-04   3.3850423e-04   8.3657754e-04
   1.3999081e-02   4.0423679e-02  -9.7802558e-02  -7.0198651e-04   5.8139589e-04   8.6893485e-04
   5.5947846e-03  -7.2227870e-02  -7.7580144e-02  -4.2814996e-04   1.7034655e-04   8.1970627e-04
   2.1068869e-03  -1.2167360e-02  -7.7990807e-02   1.5117041e-04   2.9265088e-04   6.0039486e-04
   1.8515716e-02   1.6867058e-01  -6.5869871e-02  -6.6231681e-04   1.9552905e-04   6.1956513e-04
   4.5469019e-02  -1.1793264e-01  -1.0979164e-01   1.2339353e-04   8.0749149e-05   1.0298941e-03
  -2.4987313e-03   7.0718969e-03  -1.4436518e-01   8.8835977e-04   1.9440053e-04   7.5469699e-04
   2.6559876e-02   1.0093371e-01  -1.0536930e-01  -6.4493243e-05   1.7368287e-04   8.9123964e-04
   7.9426195e-03  -1.7091336e-01  -1.3192101e-01   5.3553156e-04   2.8878933e-04   7.8800617e-04
   2.8957305e-02   1.1379075e-01  -1.0951575e-01   2.4186553e-04   9.8363695e-05   9.8539675e-04
   3.8230516e-02  -2.2649329e-02  -8.4411195e-02  -3.0129525e-04   2.0824083e-04   1.1958246e-03
   2.0101038e-02  -2.5591264e-02  -1.0047225e-01  -8.6727635e-05   1.2223974e-04   1.1947550e-03
   1.6789646e-02  -2.7818492e-02  -1.2739445e-01   4.5403263e-04   1.1501677e-04   9.8272050e-04
   2.8093965e-02   7.8772566e-02  -1.3341849e-01   4.9308950e-05   1.2775243e-04   1.1108758e-03
   2.9564156e-02   1.6629454e-02  -1.2276458e-01  -5.1936161e-04   2.8485785e-04   1.1496742e-03
   1.2264284e-02  -1.1973444e-01  -1.3814709e-01   4.6047810e-04   1.6364736e-04   1.0676918e-03
   2.0194276e-02   9.3017055e-02  -1.1926416e-01  -3.3029204e-05   3.2485760e-04   1.0123943e-03
   3.2841535e-02   4.2364013e-02  -1.3493207e-01  -2.7526270e-04   3.9671553e-04   1.1505889e-03
   2.8127031e-02   8.1831884e-03  -1.3789408e-01  -3.5965058e-04   4.9954522e-04   1.2381596e-03
   5.9822096e-03  -6.4739252e-02  -1.4744228e-01  -1.1056997e-04   4.5755083e-04   1.0658525e-03
   2.7534737e-02   3.4560336e-02  -1.3650715e-01  -8.8347159e-05   5.3748902e-04   1.0875070e-03
   2.7697619e-02   4.5262229e-03  -1.3809368e-01   2.5644472e-05   6.0207291e-04   1.1346086e-03
   1.7010179e-02   6.7744199e-02  -1.2756584e-01  -5.3434337e-04   8.2205144e-04   1.1510023e-03
   1.9087251e-02  -4.7446718e-04  -1.2283533e-01  -6.2558544e-04   7.3713283e-04   1.1922386e-03
   2.3525208e-02  -8.2509230e-02  -1.1838453e-01  -1.3218650e-04   6.4677606e-04   1.2666210e-03
   2.4206007e-02   4.0743744e-02  -1.1806811e-01  -1.9474817e-04   8.8336151e-04   1.1926677e-03
   3.0060557e-02   1.8514356e-02  -1.0892406e-01  -5.3644816e-04   9.1607779e-04   1.4069421e-03
   3.3946167e-02   1.6518098e-02  -9.3420988e-02  -9.8246473e-04   1.1886620e-03   1.6383109e-03
   2.5460486e-02   5.4221967e-03  -5.0716321e-02  -1.6357618e-03   1.1474487e-03   1.6748509e-03
   3.1589480e-02  -9.0648243e-03  -5.4183294e-02  -1.6136637e-03   1.2174541e-03   1.7833958e-03
   2.0299942e-02  -6.3341751e-03  -7.0880541e-02  -1.1366177e-03   1.2365989e-03   1.7251551e-03
   1.7699930e-02   6.8462132e-02  -7.9041702e-02  -1.2752318e-03   1.3320890e-03   1.6167730e-03
   6.7472614e-03   1.0051061e-01  -6.6430627e-02  -1.6667199e-03   1.2537945e-03   1.3627797e-03
   1.1495120e-02  -1.9119655e-02  -3.4074433e-02  -1.9316060e-03   1.0879559e-03   1.2864488e-03
  -1.3147874e-02  -1.4098190e-01  -4.8085246e-02   2.0017674e-03  -4.3140694e-04  -5.8038985e-04
   6.9972861e-03   1.2915738e-01  -4.5003242e-02   1.2977892e-03  -2.3681022e-04  -2.9688726e-04
  -8.1903891e-03   2.6035081e-02  -8.5912745e-03   7.4353733e-04  -1.6955964e-04  -3.0936546e-04
  -3.8629415e-03  -1.3127545e-01  -3.0017220e-02   1.2931474e-03  -2.0304920e-04  -2.1715309e-04
  -1.2348199e-02  -7.6823782e-03  -2.9225255e-02   1.6040274e-03  -3.1638608e-04  -2.7910564e-04
  -1.0499824e-02   4.4012019e-02  -2.5350423e-02   1.1524431e-03  -1.4188168e-04  -3.0548411e-04
   5.0617594e-03  -4.6610781e-02  -8.1318212e-03   1.1362718e-03  -5.1551994e-04  -1.3920675e-04
   1.4869183e-03  -6.4166916e-02  -1.1636267e-02   1.4029152e-03  -4.2380053e-04  -5.4894008e-05
  -1.1337454e-03   2.8544128e-02  -1.7515901e-02   1.2766698e-03  -2.3733719e-04  -1.2957608e-04
  -1.5216909e-02   1.6396513e-02  -1.0437563e-02   9.6905536e-04  -2.0387103e-04  -2.4060555e-04
  -3.4739877e-03  -4.0702216e-02   8.5760369e-03   9.0327037e-04  -3.9890674e-04  -1.0859238e-04
  -2.5425644e-02  -9.7552171e-02  -7.9602201e-03   1.3328435e-03  -5.2180835e-04  -4.1647912e-04
   2.3455439e-02   9.2459443e-02  -7.0067036e-03   8.8307677e-04  -1.2107154e-04  -1.5352149e-04
  -1.7605895e-02  -1.6752302e-02   6.9053736e-03   6.7398854e-04  -3.3368795e-04  -1.8567173e-04
  -6.5113880e-03  -5.8744485e-02  -7.2956892e-03   9.7318354e-04  -2.2802066e-04  -1.7786411e-04
  -2.5543268e-02  -2.6233807e-02   9.6477397e-03   8.6380928e-04  -3.1894317e-04  -3.4581128e-04
