   0.0000000e+00   0.0000000e+00   0.0000000e+00   0.0000000e+00   0.0000000e+00   0.0000000e+00
  -1.4207896e-02   7.9261541e-04   6.0101719e-02  -5.2558297e-04  -5.3134939e-05  -2.4045812e-04
   1.0077938e-02   3.1228830e-02   9.8752606e-02  -9.4217578e-04  -4.1432787e-04   3.0988028e-06
   1.8791716e-02   2.2361892e-02   1.3001175e-01  -1.1214995e-03  -5.4266615e-04   7.1981173e-05
   1.6222229e-02  -7.4838501e-02   1.0472779e-01  -2.2838612e-04  -6.9181331e-04  -9.1571252e-05
   3.6418073e-03   2.8351848e-02   1.5730253e-01  -1.1731108e-03  -9.0174875e-04  -1.7853952e-04
   7.4243082e-03   7.2544654e-02   1.7785448e-01  -1.7110424e-03  -9.6817795e-04  -5.6120970e-05
   1.2536229e-02  -8.6562900e-02   1.7447923e-01  -1.6274214e-03  -1.1922406e-03  -6.4629043e-05
   4.3921023e-03   7.0019619e-03   1.8137852e-01  -1.3809587e-03  -1.3359101e-03  -1.4998005e-04
   5.4384390e-02   1.0757030e-01   1.8586672e-01  -2.0038249e-03  -7.7352975e-04   1.8018802e-04
   1.3199672e-02  -2.9572913e-02   1.8970819e-01  -1.8764670e-03  -9.5149268e-04   2.4837046e-04
   1.4896261e-02  -5.7903155e-02   1.9415842e-01  -1.7705253e-03  -9.4679335e-04   1.6111784e-04
   1.7327042e-02   5.9904562e-02   1.5152296e-01  -1.4954198e-03  -8.8681568e-04   2.2204998e-04
   3.7369736e-02   1.0328848e-01   1.8355495e-01  -2.0121299e-03  -6.6239607e-04   3.4802601e-04
   1.9687001e-02  -7.1772216e-02   1.8445774e-01  -1.8993932e-03  -7.4671799e-04   4.9798008e-04
   7.7793148e-03   6.4308793e-02   1.8978203e-01  -1.7838956e-03  -8.5584676e-04   2.5961318e-04
   1.6719141e-02  -4.7763954e-02   1.9171817e-01  -1.5887408e-03  -8.6049204e-04   9.4877851e-05
   2.2533050e-02   5.5673276e-02   2.0884177e-01  -1.7311642e-03  -7.1770332e-04   5.7796836e-05
   2.9019479e-02   1.0801460e-01   2.3970506e-01  -2.4199916e-03  -2.5105765e-04   2.2305740e-04
  -7.4279266e-03  -9.6682502e-02   2.1663375e-01  -1.8947804e-03  -3.3583634e-04   1.8309063e-04
   5.4567013e-02   1.9400396e-01   2.0369281e-01  -1.2302932e-03   4.0950550e-05   2.4006059e-04
  -1.6132465e-02  -7.2507497e-02   1.9070676e-01  -5.2497040e-04   4.8920576e-04  -1.4373198e-04
   1.2030339e-02   1.5358692e-01   2.0893954e-01  -8.0949136e-04   5.6654741e-04  -1.0150445e-04
  -4.1921652e-02  -2.0070135e-01   1.9431383e-01   8.1660344e-05   1.6565243e-04  -5.2770860e-04
  -1.6349978e-02   1.8095276e-01   2.6358166e-01  -1.6895915e-03   1.5220670e-04  -5.1969861e-04
  -3.6716945e-02  -1.6249642e-01   2.4424258e-01  -7.7188518e-04  -3.2925174e-04  -7.9294107e-04
   1.5886272e-03   3.4427819e-02   2.5484585e-01  -4.9374150e-04   1.3510697e-05  -8.4808449e-04
  -2.6630101e-02   1.2058565e-01   2.6618341e-01  -1.4848772e-03  -1.6409119e-04  -8.9778539e-04
  -2.6789232e-02  -2.1018518e-01   2.4345991e-01  -4.0127882e-04  -3.9362047e-04  -9.9225592e-04
  -9.9520100e-03   1.3905019e-01   2.4614881e-01  -1.0049020e-04  -2.7522646e-04  -1.0622156e-03
  -1.7469538e-02  -4.7672741e-02   2.6717551e-01  -1.1870723e-03  -6.3708157e-04  -8.4711984e-04
   4.1479478e-03  -9.8600807e-02   2.6688705e-01  -1.1726447e-03  -5.0155170e-04  -6.5175233e-04
   1.3208715e-03   2.2647614e-02   2.6340032e-01  -9.1102566e-04  -9.4132511e-05  -5.3464646e-04
   3.3846157e-03   9.7751691e-02   2.6721446e-01  -1.3914081e-03   1.0741918e-04  -3.5708577e-04
   8.3362068e-03  -3.0824038e-02   2.5946505e-01  -1.0087881e-03   1.8069373e-05  -2.4341870e-04
  -2.7574505e-02  -7.8130778e-02   2.4798979e-01  -2.2227431e-04  -1.2604716e-04  -5.7646314e-04
   1.4842901e-03   1.4108397e-01   2.6894042e-01  -1.3932825e-03   5.0007263e-05  -4.1948822e-04
  -6.8487998e-03  -1.1730307e-01   2.5242708e-01  -7.9008937e-04  -7.6311997e-05  -3.7483462e-04
  -7.5788169e-03   5.3336606e-02   2.4785858e-01  -9.0896261e-04   6.3574418e-05  -4.3706571e-04
  -1.4830864e-02   4.5482871e-02   2.6417301e-01  -1.3874128e-03  -1.7955971e-04  -3.7665671e-04
  -5.7494830e-04  -6.7064198e-02   2.5840324e-01  -9.3916103e-04  -1.7881686e-04  -4.5151886e-04
  -3.5478650e-03  -1.3262970e-03   2.4340430e-01  -5.1130351e-04  -1.5299160e-04  -4.2266621e-04
  -1.7374766e-03   6.5831152e-02   2.6191287e-01  -1.2533258e-03  -6.8505667e-05  -3.3696570e-04
   5.6850252e-03  -2.1579495e-02   2.8863146e-01  -1.3135001e-03   2.2648407e-05  -1.3668109e-04
  -7.8248929e-04  -6.6302897e-02   2.5265254e-01  -5.3936973e-04  -1.0778910e-04  -6.0533208e-05
  -5.7863413e-03   8.0285057e-02   2.6265987e-01  -7.2515680e-04  -1.1646350e-04  -1.4622412e-04
   1.9261841e-02   4.7303868e-02   2.8390915e-01  -1.5025188e-03  -1.3949483e-04   1.7958335e-04
  -8.9567000e-03  -1.1709417e-01   2.9870433e-01  -1.2253642e-03  -7.0395685e-04   7.8465666e-05
   2.2710833e-02   3.5280711e-02   3.0207399e-01  -1.0956204e-03  -4.7294331e-04   9.6423506e-05
   2.9833879e-02   1.1006910e-01   3.3202812e-01  -1.6587468e-03  -1.6762941e-04   7.2138656e-05
   2.0992431e-02   1.8894419e-02   3.9021256e-01  -2.2119478e-03  -8.1782897e-05   3.1541858e-04
   1.3782444e-02  -1.3198472e-01   3.5887732e-01  -1.5325008e-03  -6.3598689e-05   4.6226996e-04
   1.3784420e-02   6.6767087e-02   3.8485023e-01  -1.9296360e-03  -4.9747760e-05   4.3853481e-04
   1.6007237e-02  -7.1174709e-03   3.9444715e-01  -2.2062183e-03  -1.6417673e-04   5.8636097e-04
  -7.3464506e-03  -1.0099267e-02  -9.0891686e-02   4.8247546e-04   5.3790314e-04  -1.8284439e-04
   1.3812977e-03   8.8595040e-03  -9.4525971e-03  -9.4974309e-05   6.0482147e-04  -1.8837995e-04
  -5.4346865e-03  -4.5303813e-02   1.0656470e-02  -2.9794517e-04   5.3272379e-04  -2.7687290e-04
  -5.6553512e-03   4.9845779e-02   5.0456819e-02  -8.5204391e-04   5.9373910e-04  -1.5335340e-04
   7.1433373e-03  -6.8708035e-02   5.9683964e-02  -3.7934970e-04   5.0024093e-04  -1.3502415e-04
   3.5360316e-03   5.4712013e-02   7.9844507e-02  -5.5717541e-04   6.0002699e-04  -9.7906189e-05
   1.3407222e-02   1.2948540e-01  -7.6194940e-02   1.4314147e-03   6.6327219e-04  -3.0924047e-04
  -1.1652161e-02   5.1672183e-02   7.5619125e-03   7.2164705e-05   1.2260311e-03  -3.8003478e-04
  -1.2527060e-02  -9.3410682e-02   1.1756158e-02   5.2794623e-05   1.0332821e-03  -3.2873105e-04
  -1.6992796e-03  -1.8223239e-03  -4.0367551e-02   1.1227984e-03   1.0313079e-03  -3.7982553e-04
  -3.0893748e-02   1.1542120e-01   7.9305220e-03  -1.0102413e-04   1.0235970e-03  -4.7095041e-04
  -9.1122150e-03  -7.8887347e-02   3.9772164e-03   2.1567671e-04   6.6320140e-04  -4.9062029e-04
  -1.2643083e-03  -1.3031522e-02   8.0671835e-03   5.0979451e-04   8.0178621e-04  -4.9135530e-04
  -1.3225360e-02   1.4751228e-01   3.3039943e-02  -1.4193359e-04   1.0321138e-03  -3.9179587e-04
  -1.5063920e-02  -2.4342494e-01   6.5328179e-03   8.2057182e-04   7.2584373e-04  -4.1629950e-04
  -1.3371719e-02   2.6153372e-01   6.1216223e-02  -3.1728058e-04   8.2772246e-04  -3.4596335e-04
  -1.6277604e-02  -2.6664686e-01   3.7634123e-02   1.3896187e-04   5.9703058e-04  -3.6536757e-04
  -1.1006159e-04   7.5710606e-02   5.4866946e-02  -1.1360219e-04   8.1138926e-04  -3.1124080e-04
  -8.0395813e-04  -2.0197432e-02   8.9357322e-02  -1.1034393e-04   7.2459073e-04  -1.7102053e-04
   1.6170625e-02   1.2111016e-01   1.1325656e-01  -1.0547980e-03   8.2203235e-04   8.2128767e-05
   4.6816061e-03  -1.5796537e-01   6.9643070e-02  -2.7788304e-04   8.3105298e-04   1.3588273e-04
   1.2971074e-02   8.3568529e-02   5.8372699e-02  -4.5933573e-05   7.2948657e-04   2.2023664e-04
   7.4592212e-03  -7.0537434e-02   8.0093709e-02   1.1907282e-04   8.5124142e-04   3.1659553e-04
   1.8095204e-02   1.3706903e-01   8.2140118e-02  -3.9054942e-04   1.0384327e-03   4.3901012e-04
   1.1115949e-02  -7.3290078e-02   8.4967440e-02  -2.5393508e-04   9.4068238e-04   5.5254762e-04
   1.8784235e-02  -2.7521581e-02   9.7798581e-02  -1.0814351e-07   9.4629270e-04   5.5308648e-04
   1.7947187e-02   1.2205221e-01   8.7986784e-02  -3.4914992e-04   1.1634032e-03   6.0890457e-04
   9.0382474e-03  -3.9072005e-02   9.4575175e-02  -5.7223290e-04   1.0120261e-03   7.2399060e-04
   2.4306430e-03  -8.3041139e-02   8.1581604e-02   6.4662551e-05   9.5287055e-04   4.9149213e-04
   1.4836101e-02   1.2011476e-01   1.1389515e-01  -3.1448468e-04   1.0140062e-03   5.9704587e-04
   1.5318017e-02   3.7281901e-02   1.2040472e-01  -6.3032465e-04   8.1844190e-04   6.8568390e-04
   3.3796399e-03   5.6294178e-02   9.3642775e-02  -2.1549709e-04   7.9642525e-04   6.2255304e-04
   1.4093941e-02  -1.0834649e-01   8.2713237e-02   6.7829420e-04   7.1671316e-04   6.2875563e-04
  -8.1238973e-03   8.5324707e-02   1.1008312e-01  -1.1270628e-05   7.4961060e-04   5.7734375e-04
   1.1079250e-02   4.2011530e-02   1.2267647e-01  -5.7259979e-04   6.3303710e-04   5.7161721e-04
   2.4541249e-03  -8.4986236e-02   9.9435242e-02  -6.6799373e-06   4.9216533e-04   5.1535811e-04
   4.0014115e-02   9.0698266e-02   9.1916358e-02   1.3309842e-04   8.3830715e-04   7.9133157e-04
   7.4084159e-03  -1.4900869e-02   8.2762870e-02   4.4589501e-04   9.1767667e-04   8.2857666e-04
  -8.0546002e-03   1.0529004e-01   1.0442764e-01  -1.5002650e-04   1.0637691e-03   5.6639531e-04
   2.2141576e-02  -1.2782063e-01   1.1498056e-01  -4.2116204e-05   7.1578583e-04   8.8822504e-04
   1.1769408e-02   2.6121474e-02   1.0162154e-01   3.3033735e-04   8.5518538e-04   9.0280085e-04
   1.2813110e-02  -2.9689513e-02   1.1415684e-01   2.7331287e-04   7.9418761e-04   1.0132160e-03
   1.3058459e-02   5.2356452e-02   9.1163699e-02   2.1842430e-04   1.0868924e-03   1.0014367e-03
   1.6297256e-02  -1.4969307e-03   1.1762178e-01  -9.9507959e-05   9.5729124e-04   1.2145736e-03
   1.0682567e-02  -8.3721956e-02   1.1561841e-01   6.1679828e-04   8.7825366e-04   9.7019785e-04
   2.8928627e-02   5.7384659e-02   1.2459187e-01   5.2250637e-04   1.0794325e-03   9.2178330e-04
   6.3974087e-02   3.0022975e-01   1.4184043e-01   1.0828162e-03   1.4031228e-03   9.5357492e-04
   1.3379693e-02  -3.6514090e-01   1.4775623e-01   1.8013821e-03   2.0220173e-03   1.3528460e-03
   1.9387615e-02   1.8048023e-01   1.6579393e-01   1.0965086e-03   1.6963631e-03   1.4245197e-03
  -2.6842115e-03   1.5073545e-01  -9.9533360e-03   2.6405329e-03   1.2924644e-03   5.3800327e-04
   3.2520778e-02   1.5486558e-01   1.0580438e-01  -2.1088476e-03   2.6348871e-04   7.8107243e-06
  -9.3121745e-03  -8.3683438e-02   1.5714029e-01  -2.2046086e-03   1.5856049e-05   7.9740956e-06
   2.8929964e-02  -5.3335023e-02   1.2676068e-01  -9.9899527e-04   3.1432114e-04   3.4314972e-05
  -2.9967047e-03   1.3878506e-01   1.3094172e-01  -1.2707584e-03   5.1377155e-04  -1.2822552e-04
  -1.1322451e-02   8.1761137e-04   1.4747001e-01  -1.8081955e-03   4.1027221e-04  -2.1584747e-04
  -2.1113903e-03  -1.3376785e-01   1.4889741e-01  -1.0365062e-03   1.9343880e-04  -1.9471617e-04
  -1.2156881e-02   5.7912527e-02   1.5462260e-01  -1.2831989e-03   2.4373504e-04  -2.6394366e-04
   2.7028560e-02   2.4459335e-06   1.2732762e-01  -1.4164213e-03   5.5726545e-04   1.6317994e-04
   2.8122342e-02  -4.0345894e-02   1.3011509e-01  -1.3153576e-03   8.9184688e-04   5.1393840e-04
   2.1170437e-02   2.2021322e-02   1.2625364e-01  -1.0045162e-03   1.1545804e-03   5.2298533e-04
   3.8682265e-02   6.6413449e-02   1.3675393e-01  -1.4070318e-03   1.4070447e-03   7.5613630e-04
   4.6742416e-03   8.6283793e-03   1.3955271e-01  -1.5652380e-03   1.3731450e-03   7.6564075e-04
   1.9170580e-02  -8.7284342e-02   1.2035035e-01  -8.9792299e-04   1.3352248e-03   7.5915591e-04
   3.0954237e-02   1.5659853e-01   1.3886337e-01  -1.7103683e-03   1.5016458e-03   9.9133476e-04
   1.5738790e-02  -1.1267540e-01   1.0010478e-01  -9.5733736e-04   1.4142096e-03   9.8117060e-04
   3.5638518e-02   1.0451605e-01   9.7659775e-02  -1.0651772e-03   1.7199155e-03   1.0807481e-03
   1.1786275e-02   2.4823419e-02   1.0293139e-01  -1.5142777e-03   1.9038931e-03   1.0488962e-03
   2.9519737e-02   3.2255889e-02   9.3993085e-02  -1.5077384e-03   2.1205279e-03   1.4458539e-03
   1.2100192e-02  -4.7533117e-02   7.2464429e-02  -9.3826225e-04   1.9490674e-03   1.3701691e-03
   2.2958329e-02   5.2878673e-02   7.0569740e-02  -6.5360876e-04   2.0784866e-03   1.3235746e-03
   1.3019563e-02   6.8097573e-02   9.8515649e-02  -1.2544570e-03   2.1204445e-03   1.3925175e-03
   2.4256109e-02  -5.0249191e-02   1.0630304e-01  -1.0251916e-03   1.8793816e-03   1.5029156e-03
   1.9261747e-02   1.5046716e-02   8.2428283e-02  -5.7367585e-04   1.8574002e-03   1.4452137e-03
   3.4012979e-02   7.1450472e-02   5.4115762e-02  -5.2271584e-04   1.9107656e-03   1.4840610e-03
   2.3628699e-02   3.9650091e-02   8.3974789e-02  -8.5169673e-04   1.8542890e-03   1.5494354e-03
   1.8791814e-02  -6.9646770e-02   7.4924310e-02  -5.2832041e-04   1.8481599e-03   1.4682321e-03
   4.6852662e-02   8.5996934e-02   2.9130326e-02  -3.8190187e-04   2.0674579e-03   1.6462415e-03
   2.9888086e-02  -9.8498234e-03   2.0658389e-02  -3.3457220e-04   2.1659438e-03   1.7164285e-03
   2.6824322e-02   7.1016825e-02   3.9110528e-02  -7.5103900e-04   2.0685350e-03   1.9441616e-03
   2.9855399e-02  -1.4016337e-02   7.6326452e-02  -8.3919865e-04   1.9602587e-03   1.9947410e-03
   4.3256528e-02  -5.7234482e-03   7.1582207e-02  -6.9554214e-04   1.9795611e-03   2.1115052e-03
   3.5582688e-02   8.9407173e-03   5.8617768e-02  -3.1039675e-04   2.1623714e-03   2.0866608e-03
   4.5015961e-02   6.3599138e-02   6.5545119e-02  -3.1196205e-04   2.2936647e-03   2.0693090e-03
   3.5540767e-02   3.1639266e-02   4.5220992e-02  -5.1869610e-04   2.3209457e-03   2.1426042e-03
   4.0394097e-03  -6.1896144e-03   6.4102223e-03   2.0233059e-04  -6.7173847e-04  -6.1665735e-04
  -5.1444955e-03  -2.6864115e-02   1.6759312e-02   8.2770883e-05  -7.7541088e-04  -6.2860430e-04
   1.5704837e-02  -1.7831544e-02  -6.3809534e-04   3.9425253e-04  -4.0854384e-04  -5.7502685e-04
  -1.9693691e-02  -5.0558774e-02  -1.6465519e-02   8.1543859e-04  -4.9498320e-04  -7.5872045e-04
  -3.5029930e-04   4.4414133e-02  -2.9847774e-02   7.2370898e-04  -4.4300709e-04  -7.5333650e-04
   2.7831935e-03  -2.9638348e-02  -3.4961524e-02   6.4220451e-04  -3.0167100e-04  -5.6167603e-04
   1.0712088e-02   4.5610249e-02   3.4522455e-02  -7.3670412e-05  -4.7032862e-04  -3.6045082e-04
  -6.2753038e-03  -1.1121520e-01   1.1513891e-02   6.1736588e-04  -2.9829129e-04  -3.2160919e-04
   7.3307818e-03   2.8838636e-02   3.8429700e-03   8.4253517e-04  -2.4867971e-04  -4.3303703e-04
  -1.6950196e-03   1.8796504e-02   5.1517340e-03   7.4778278e-04  -3.1175498e-04  -4.0390834e-04
   1.3266985e-02  -2.2962975e-02   4.0764815e-02   1.3427124e-04  -2.6145321e-04  -2.0878625e-04
  -3.0527078e-03  -4.5740110e-02   6.3908898e-02  -1.0382750e-04  -5.1916188e-04  -1.7076834e-04
   2.0173156e-02   2.0522654e-02   7.8105346e-02  -1.2139079e-04  -4.2523062e-04  -9.6187906e-05
  -7.1466757e-03  -2.7511360e-02   3.3265356e-02   4.8379640e-04  -3.2641576e-04  -2.3914557e-04
   2.3177151e-02   3.3516518e-02   3.6713170e-02   3.5502315e-04  -3.2852876e-04  -8.8748563e-05
   1.4270496e-03   3.0643796e-02   5.6781705e-02   6.1962445e-05  -3.4916200e-04  -2.0273582e-04
   6.5184073e-03   8.2081199e-04   7.8013194e-02  -2.7782545e-04  -4.9005370e-04  -1.7634299e-04
   1.7421383e-02  -5.1327316e-02   8.5625373e-02  -4.5688903e-05  -6.1088626e-04   8.4139071e-05
   1.7390233e-02  -3.6212110e-02   4.5961679e-02   6.6089576e-04  -3.5899468e-04  -2.2273488e-05
   1.7863162e-02   5.4482108e-02   7.4243463e-02   2.1379199e-04  -1.6488256e-04  -5.5926296e-05
  -9.8497560e-05  -3.3208573e-02   9.3679648e-02   4.0080543e-05  -2.4743448e-04  -4.5589307e-05
   1.0373213e-02   3.5152678e-02   9.7214994e-02  -3.6603590e-04  -1.3487169e-04  -7.8744149e-05
   3.6383845e-03  -2.9072386e-02   8.1042048e-02  -3.1586560e-04  -2.0825965e-04   2.6616458e-05
   3.2915953e-03   2.0167710e-02   9.9525511e-02  -4.5792398e-04  -3.1506463e-04   5.6254105e-05
   1.3040768e-02  -2.7567666e-02   1.8820291e-02  -9.6156556e-05  -1.7273439e-04   8.9257666e-05
   2.9228257e-02   1.7752404e-02   5.1880530e-02  -1.7109228e-04  -6.6816648e-05   3.1078937e-04
   1.4314778e-02   4.9995222e-03   3.7257713e-02   1.1602890e-04  -1.1374175e-04   1.3598753e-04
   3.5108662e-03   9.4021999e-02   3.3979108e-02  -3.0918384e-04   4.6163408e-05  -2.7843227e-05
   6.0890821e-03  -4.9748040e-02   6.7012295e-02  -5.4305388e-04  -1.4843415e-04   1.9035110e-04
   3.0505881e-02  -1.8915914e-02   4.9972932e-02  -1.5171727e-04  -8.5591893e-05   2.4792537e-04
  -1.1461652e-03   1.9575657e-02   3.9936973e-02  -2.1008188e-04  -2.2898035e-04   1.5854417e-04
   2.4427937e-02  -2.2113594e-02   7.7206322e-02  -7.0472517e-04  -7.5094299e-05   2.8063567e-04
   5.5005430e-03   2.6316012e-02   8.8385053e-02  -1.0119247e-03  -9.7079976e-05   1.1378359e-04
   1.4854035e-02   3.8999349e-02   8.5121212e-02  -1.1031444e-03  -5.5633758e-05   1.6155571e-04
   9.4174216e-03   2.9094771e-02   9.8497113e-02  -1.5408991e-03   9.7719773e-06   3.5804570e-04
   1.5030397e-02  -5.9413602e-02   7.2448634e-02  -9.0567388e-04   6.4289490e-05   1.9126772e-04
   6.7620393e-03   8.6685749e-02   4.7753787e-02  -7.2834229e-04   9.1350615e-05   1.0593525e-04
   1.8355277e-02   4.1968626e-02   4.4757820e-02  -8.0590001e-04   1.1466649e-04   1.8193696e-04
  -5.8563079e-03   4.5528598e-02   7.0599087e-02  -1.2158578e-03   7.9551979e-05   1.1307485e-04
   2.1096632e-02   1.3874957e-02   8.4886252e-02  -1.5662461e-03  -4.0365180e-05   2.1651247e-04
   1.4882460e-02  -2.6942674e-02   8.2872804e-02  -1.4528853e-03  -7.5280697e-05   2.5536511e-04
   4.3431232e-03   3.9719495e-02   5.4819994e-02  -9.3628562e-04  -7.6223782e-05   3.5379757e-05
   4.1123732e-02   2.9036448e-01   5.3190845e-02  -3.3196613e-04  -4.4345000e-05  -1.1839445e-04
  -2.2689124e-02  -2.1861229e-01  -6.6340555e-02   9.7363128e-04   1.9749310e-04  -3.7810354e-04
  -3.6568269e-03   2.0669334e-01   3.1751172e-02  -4.8797157e-04   7.6527467e-05  -2.7869992e-04
  -3.2074444e-03  -1.3286052e-01  -2.5211468e-03  -1.7941950e-06   7.4534030e-07  -1.4218633e-04
  -1.9528229e-02   7.1779437e-03   2.1159743e-02  -6.4481604e-06  -1.3388209e-05  -3.6154860e-04
  -2.3960478e-02   2.9852382e-02   1.4181292e-02   3.8311558e-04  -1.1732298e-04  -6.0721153e-04
  -2.8701840e-03  -2.4085021e-02   4.8425875e-02  -2.7265017e-04  -2.6259191e-04  -5.0330478e-04
  -3.9427124e-03   5.9484203e-03   6.1551887e-02  -7.8678283e-04  -2.3591410e-04  -4.7501103e-04
  -6.0413985e-03  -7.2176695e-02   3.5483838e-02  -3.2402612e-04  -5.2520774e-04  -5.7134927e-04
   4.3217719e-03   3.0522787e-02   3.4571859e-02  -2.7272484e-04  -4.7370478e-04  -5.6236969e-04
  -1.0343685e-02  -4.1205743e-02   5.1021731e-02  -3.1512032e-04  -2.7650143e-04  -7.5020890e-04
   5.8831049e-03   1.9932799e-02   5.8491880e-02  -6.7354030e-04  -2.8750922e-04  -6.6402140e-04
   1.6151070e-02  -7.1686887e-03   8.7230708e-02  -6.5489861e-04  -3.4693282e-04  -2.8278844e-04
  -6.6150864e-04  -5.2566373e-02   1.0010710e-01  -6.3824764e-04  -2.0354091e-04  -3.5254124e-04
  -5.0427127e-03   5.1415896e-02   1.0671627e-01  -6.3205340e-04  -1.5226059e-04  -4.9936801e-04
   8.7697734e-03   2.6425055e-02   1.4020802e-01  -1.5633942e-03  -1.7023191e-04  -3.0606258e-04
  -4.7831739e-03  -1.1414634e-01   8.8010343e-02  -6.1922967e-04  -3.2657342e-04  -3.2668058e-04
   2.8897446e-03   7.6618949e-02   1.1380179e-01  -1.0866993e-03  -4.7492389e-05  -4.3631817e-04
  -5.6350545e-03   1.7286668e-02   1.2653833e-01  -1.4219404e-03  -4.0967442e-06  -2.8877301e-04
  -7.7531161e-03   2.6090633e-02   1.5399578e-01  -2.0219656e-03  -5.9210571e-04  -1.5851416e-04
   2.0925563e-02  -5.8774250e-02   1.5926730e-01  -1.6884292e-03  -6.1716804e-04  -9.4392812e-05
   6.7787029e-03   3.8073760e-02   1.5348238e-01  -1.3455672e-03  -4.4876349e-04  -1.2370565e-04
   1.0832691e-02   8.1551275e-02   1.6776576e-01  -2.0307716e-03  -2.1296855e-04  -3.2655632e-05
   3.2924584e-03   5.7251480e-02   1.8371732e-01  -2.2922955e-03  -3.3034445e-04  -1.1808737e-04
   1.9517222e-02  -7.4444407e-02  -7.3655618e-02   1.3984728e-03   1.7033498e-04   2.3434089e-04
   1.6942330e-02   4.0831427e-02  -5.8148835e-02   1.6829700e-03   3.1153198e-04   1.1368609e-04
   1.4328780e-02   1.6719524e-02  -4.8741973e-02   1.2292075e-03   2.3099685e-04   3.7968008e-04
   4.6376032e-03   2.4297608e-02  -2.9249741e-02   9.4283939e-04   2.2370167e-04   4.5995690e-04
   6.1175478e-03  -4.3346614e-02  -4.1698731e-03   9.1183576e-04   1.4594077e-04   3.2075738e-04
   4.4776691e-03  -3.1925598e-02  -1.8386553e-02   1.2366463e-03   9.8695673e-05   2.4096887e-04
   1.3753765e-02   2.1395361e-01  -1.9173986e-01   2.8366175e-03   1.7531513e-04  -2.5901932e-04
   8.6488300e-03   1.0706694e-01   1.2208242e-01  -1.6684870e-03  -1.1608971e-04   8.0859026e-07
   4.2876417e-02  -6.8572717e-02   1.6863986e-01  -1.2504748e-03  -1.5084231e-05   3.3267758e-04
   5.5859407e-03   3.8287490e-02   1.4797495e-01  -3.4385245e-04   3.2774072e-04   1.3499428e-04
  -7.8636068e-03   1.4232208e-01   2.1281888e-01  -2.0488148e-03   2.9996325e-04   1.5049907e-04
   4.4940266e-03  -2.5857922e-01   1.8320592e-01  -8.7771400e-04   1.9698301e-04   3.5332882e-05
  -1.9181123e-02   2.7446426e-01   2.4152898e-01  -2.1884104e-03   7.2997144e-05  -1.8594632e-04
  -3.1025530e-03  -2.7260011e-01   1.8708383e-01  -8.6460540e-04  -1.8704419e-04  -3.3300800e-04
  -1.5002133e-02   2.3185914e-01   2.1836178e-01  -2.0829591e-03  -1.2235556e-04  -4.0899081e-04
   8.0506807e-03  -1.2765482e-01   2.0927013e-01  -1.7001064e-03  -3.4313913e-04  -2.9907790e-04
  -6.1354716e-03  -1.2510844e-02   2.1003467e-01  -1.4393662e-03  -2.9939432e-04  -4.0351882e-04
   1.0004745e-02   1.4136668e-01   2.1760077e-01  -2.0925234e-03  -5.4374911e-05  -1.5160635e-04
   4.4137110e-03  -7.8803571e-02   2.1961003e-01  -1.8125038e-03  -2.2209961e-04  -5.0023711e-06
   2.8692704e-02  -1.7833937e-02   2.0828384e-01  -1.2137063e-03  -1.3230607e-04   2.9828793e-05
   1.5102224e-02   4.0687479e-02   2.1077233e-01  -1.4051241e-03  -2.0101608e-05   7.3577492e-05
  -8.8681608e-04   2.4499128e-02   2.1737573e-01  -1.8820113e-03  -2.0639390e-05   1.4296401e-04
   1.4423786e-02   1.9287806e-02   2.2583174e-01  -2.1971413e-03   1.4079329e-04   2.4761099e-04
   2.0665002e-02   1.6757012e-02   2.4099765e-01  -2.5229224e-03   6.2110999e-05   4.7398560e-04
   1.2456966e-02  -1.1100791e-01  -1.0855351e-01   1.9383030e-03   4.7195010e-04  -1.4074767e-04
   6.0932404e-03   1.2584704e-01  -6.7051681e-02   9.9139009e-04   6.3984141e-04  -4.3361978e-05
  -1.9340958e-02  -5.6972942e-02  -8.7528023e-02   7.0567351e-04   5.1281561e-04  -1.2728266e-05
   5.0098885e-03   4.3344705e-04  -6.4276464e-02   1.9781246e-04   6.5018175e-04   1.0076839e-04
   6.4627217e-03  -6.0097408e-02  -6.1261962e-02   7.3905194e-04   8.8164695e-04  -4.9659314e-05
   8.6908453e-03   1.0076582e-01  -6.2010654e-02   3.7185172e-04   1.1020362e-03   2.1287140e-04
   5.7240697e-03   1.3881309e-02  -2.8464335e-02  -1.1239115e-04   7.2942814e-04   3.5904864e-04
   8.5203724e-03  -8.9747462e-02  -3.9768165e-02   3.9835404e-04   7.8870943e-04   2.6721976e-04
   1.6090486e-02   5.5406029e-02  -4.0177932e-02   4.2070233e-04   1.0871356e-03   2.0933822e-04
   6.9678052e-03   2.9376776e-02  -4.1055261e-02   1.7386628e-04   1.0721410e-03   2.8584600e-04
  -9.9999327e-04   3.7335249e-02  -4.0687673e-02  -2.3110480e-04   1.1480731e-03   2.0620713e-04
  -8.6895939e-03   1.8678966e-02   4.9039341e-04  -6.2438507e-04   9.8504684e-04   1.5506622e-04
   3.0873162e-03  -3.9070583e-02  -3.2248039e-02   1.6207041e-04   9.4486549e-04   1.8766143e-04
  -1.9648101e-02   1.5854278e-02  -3.8973454e-02   3.0117402e-04   7.6666371e-04  -5.6760104e-05
   3.8623840e-03   7.2059657e-02  -6.3654012e-02   1.0131930e-04   8.2784520e-04   1.2847351e-05
  -1.8644844e-02  -1.8947486e-03  -5.2039108e-02  -1.5315738e-04   5.4628842e-04   5.4800084e-05
   8.4074590e-03  -3.3095300e-02  -5.7526519e-02   2.5729503e-04   6.1539182e-04  -2.6867396e-05
  -1.5919549e-02   4.5575961e-02  -4.4823713e-02   2.8347654e-04   5.1485604e-04  -1.6669704e-04
   8.9832028e-03   6.0003948e-02  -4.2950943e-02   2.2537508e-05   5.7598394e-04  -2.4977209e-04
   3.0139586e-04   3.7327225e-02  -5.2800300e-03  -5.5283349e-04   4.8591857e-04  -4.8795686e-05
   4.2242750e-03  -4.7230325e-02  -2.9697753e-02   1.6191833e-04   5.7053323e-04  -7.0254978e-05
  -9.1688150e-03   5.8070864e-02  -3.1832754e-02  -1.5905392e-04   4.6039080e-04  -1.2342366e-04
   5.4978578e-03   4.0656824e-02  -8.7123349e-02   2.2636988e-04   5.5609701e-04   1.7865286e-05
   1.1003155e-02   3.1409345e-02  -9.0436328e-02   2.7789862e-05   4.3450436e-04   1.6259530e-04
   5.7674525e-03   3.2313975e-02  -6.9745842e-02  -1.8862852e-04   4.1711686e-04   2.0340997e-04
