   0.0000000e+00   0.0000000e+00   0.0000000e+00   0.0000000e+00   0.0000000e+00   0.0000000e+00
  -2.5124534e-03   8.2542218e-03  -4.1230005e-03   5.4598631e-04   7.3215391e-05  -2.2248196e-04
  -2.5876006e-02  -1.0200954e-01  -3.3413371e-02   1.5552893e-03   1.5080589e-04  -5.3427129e-04
   1.5076145e-02   1.3558482e-01   1.9224406e-02   5.1110007e-04   3.4086742e-04  -2.6422481e-04
  -3.0381579e-03  -7.0123602e-02   9.0585245e-03   5.5932495e-04   3.0789124e-04  -2.6455848e-04
  -2.3846709e-02  -7.9167647e-02  -2.8461797e-02   1.4862577e-03   4.2912063e-04  -4.8040521e-04
   1.2869220e-03   1.0380066e-01   1.5240948e-02   5.3149779e-04   5.3637453e-04  -4.3189790e-04
   6.8230840e-03  -2.0160871e-02   4.2397505e-02   2.9823217e-04   4.2574820e-04  -1.1399343e-04
  -3.7491021e-02  -1.4617204e-01   8.4147867e-03   1.3833142e-03   4.6005249e-04  -6.8059132e-04
  -6.7212328e-04   1.4414173e-01   4.6041412e-02   2.8948444e-05   4.2272418e-04  -3.2340136e-04
  -1.5049088e-02  -6.4297025e-02   1.8663430e-02   7.9792301e-04   2.3176633e-04  -5.0959194e-04
  -2.0679642e-02  -4.8773470e-02   8.6101459e-03   1.0873412e-03   1.9449664e-04  -5.4355409e-04
  -1.1993694e-02   4.4811244e-02   2.0382518e-02   4.3477147e-04   3.2565488e-04  -5.7324357e-04
  -5.5886247e-03   1.6815297e-02   7.4580348e-02   1.0426376e-05   2.0102683e-04  -4.4675677e-04
  -3.6755670e-02  -1.0814306e-01   1.0111895e-02   9.3172532e-04   6.8125451e-05  -7.5808883e-04
  -1.7088554e-03   5.8570310e-02   1.6759856e-02   6.4214175e-04   6.6507044e-05  -7.7416400e-04
  -6.2452750e-03   1.1971004e-02   2.1756587e-02   5.2438647e-04   7.6721952e-05  -5.5307936e-04
  -1.5589720e-02   4.2359372e-03  -6.3997079e-03   5.8648555e-04  -8.5827842e-05  -5.5432310e-04
   1.6981468e-02  -2.3354102e-02   1.3912642e-03   7.0209942e-04   1.3556307e-04  -2.2472487e-04
  -4.9386901e-03  -9.6321836e-03  -1.6690775e-05   6.0999831e-04   1.2821420e-04   3.7756875e-05
  -4.7887000e-03  -4.1662928e-03  -2.2798504e-02   8.6346158e-04  -1.2730280e-04  -8.8232832e-05
  -2.0926085e-03  -1.5558147e-02  -5.2316213e-02   1.2707696e-03  -1.1726892e-04  -1.5574148e-04
  -3.8860808e-03   1.8874254e-02  -5.6781632e-02   9.7033800e-04  -2.2006602e-04  -1.3288941e-04
