   0.0000000e+00   0.0000000e+00   1.4210855e-14   3.4694470e-18   1.0842022e-19  -3.7615819e-37
  -8.5929360e-03  -1.1939675e-02  -1.0067631e-02   2.6527684e-04  -3.4395685e-05  -1.7266613e-05
  -1.4301592e-03   8.3915335e-02   2.9629478e-02   4.6540646e-06   2.4391653e-05  -1.6379220e-04
  -2.8818520e-03  -7.5511674e-02   1.7688204e-02   4.6111915e-04  -2.5655176e-04  -5.3799043e-05
  -1.9629128e-02  -2.5530679e-02  -1.5056936e-02   1.3316617e-03  -2.0968826e-04  -4.6016255e-04
   1.3681583e-02   8.7526629e-02   1.7120976e-02   6.9322733e-04   3.6313397e-05  -1.7407809e-04
   7.2771978e-03  -8.0614675e-03   2.9605077e-02   6.0922187e-04  -1.7471090e-04  -2.6391624e-06
  -6.7878858e-03  -7.7027287e-02  -5.1686270e-03   1.4201066e-03  -1.9414263e-04  -5.0587344e-05
  -1.3189876e-02   1.3235243e-03  -2.6420360e-02   2.0296364e-03  -2.9776339e-04  -3.5391183e-04
   3.0346612e-02   1.4417822e-01   2.3067069e-02   6.9354758e-04  -1.1593618e-05   6.4237436e-05
   4.4912126e-03  -1.8298936e-01  -3.0687309e-02   1.6405500e-03  -1.4832908e-04   1.0007672e-04
   1.3558322e-02   5.6145852e-02  -3.8964650e-02   2.0061733e-03   1.7575263e-04   2.1165924e-04
   1.3696523e-02  -1.7152694e-02  -3.1115028e-02   2.0654688e-03   3.4151888e-04   4.2288960e-04
  -9.1113066e-03  -3.7629499e-02  -2.5595184e-02   2.0729876e-03   2.5298201e-04   3.1501214e-04
   8.4754356e-03  -1.4961752e-02  -2.2899735e-02   1.9066825e-03   7.4529955e-05   4.6433839e-04
   8.9770214e-03  -5.7011082e-03  -4.5933995e-02   2.1299973e-03   3.7309937e-04   3.1982471e-04
   8.9421219e-03   1.1689628e-02   5.5459189e-02  -1.0457671e-03  -2.5244463e-04   4.5853930e-05
  -9.0373724e-03  -3.2380575e-02   2.6229114e-02  -3.4029713e-04  -2.4779002e-04  -1.9761891e-04
  -6.4881878e-03   1.4638664e-02   3.4460583e-02  -5.3686165e-04  -2.4576499e-04  -3.7713303e-04
   5.9953863e-03   6.8659392e-03   2.5804280e-02  -4.4679131e-04  -5.1172808e-05  -3.1169025e-04
  -3.0918228e-02   5.3471398e-03   5.6317623e-02  -1.0053809e-03  -2.6457131e-04  -5.3997755e-04
  -7.4655692e-03   3.1250548e-03   3.0141765e-02  -5.5780635e-04  -4.3977911e-04  -6.1837621e-04
  -9.1870665e-03   4.2786849e-03   3.8905057e-02  -6.4710266e-04  -2.7566385e-04  -6.3304305e-04
  -2.1557216e-02  -1.5691596e-02   1.0494779e-02  -1.1825477e-04  -3.8200451e-04  -8.0902788e-04
  -9.4577275e-03  -1.9504051e-03   3.0333437e-03  -2.0114082e-04  -3.7528277e-04  -8.5788099e-04
  -1.6418982e-02   1.4185904e-02   1.7105354e-02  -7.3960882e-05  -4.4039856e-04  -8.5754476e-04
  -4.5534888e-03  -2.6339938e-03   5.5127163e-03   1.3755992e-04  -4.0249255e-04  -8.0778626e-04
  -5.0036751e-03   3.1726297e-02  -1.7622283e-03   2.5481921e-04  -3.4913029e-04  -7.4864303e-04
  -4.8823296e-03  -1.0671738e-02   1.3813621e-02  -1.3051701e-04  -2.2418782e-04  -5.4869888e-04
  -9.3653708e-03  -1.9558124e-02  -1.7890298e-02   1.5250736e-04  -2.6615029e-04  -6.9444890e-04
  -1.8925235e-02   7.5718809e-03  -1.3524945e-02   4.7091422e-04  -4.1445893e-04  -8.0326098e-04
   4.6571528e-03  -2.3022720e-03  -1.2568150e-02   5.0534171e-04  -3.2889834e-04  -5.8283119e-04
  -1.4641208e-02   4.8088283e-03   1.0106113e-02   3.2411773e-04  -1.9743436e-04  -5.0789255e-04
   4.7012916e-03   6.3424712e-03   8.7985777e-03   2.0543461e-04  -1.9263062e-04  -4.7113376e-04
   3.1947459e-03   1.7700794e-02   1.3371417e-02   1.2725446e-04  -9.3268027e-05  -3.3654298e-04
   1.0839718e-02   1.8768907e-02   1.5522118e-02  -7.9132554e-05  -3.6457653e-05  -1.7700164e-04
   7.6484913e-03  -6.4196779e-03   1.4126459e-02  -1.0304878e-04  -6.5232721e-05  -3.1185509e-05
  -1.1348000e-03   1.1966903e-02   7.2869996e-03  -6.6602590e-05  -3.6705655e-05  -7.9437805e-05
   2.6293691e-03   2.9136492e-03   1.0133965e-02  -3.1596045e-05   3.9161347e-05   3.8636148e-05
   1.0336643e-02   9.3255514e-03   6.1390943e-03  -1.4945613e-04  -1.0952563e-04   1.6310482e-04
   6.7841073e-03   1.2526242e-02   6.0913731e-03  -4.9116485e-05  -1.3905638e-04   2.7486810e-04
   1.7958238e-02   2.6852417e-02   3.7502339e-03  -3.2855944e-04  -3.7738101e-05   2.2754902e-04
  -6.8800486e-03  -1.3166300e-02  -1.3836709e-02  -3.0139680e-04  -1.0809017e-05   3.6368015e-04
  -8.6307985e-03   4.4551062e-02  -2.0878945e-04  -3.6670102e-04  -1.7510983e-04   1.1625597e-04
   1.4492570e-02   1.7098905e-04   7.2288595e-03  -4.8915943e-04  -1.9387149e-04   1.9991302e-04
   2.8802698e-02   2.1268404e-02   4.4018808e-03  -4.8421917e-04  -1.0174075e-04   4.8433717e-04
   5.5721851e-03   2.1196195e-02   7.2308697e-03  -4.9074501e-04  -1.4718942e-04   5.3456740e-04
   1.5598609e-02   1.7301399e-02  -6.3918480e-03  -3.9830313e-04  -7.6523513e-05   5.8215265e-04
   6.0595080e-03   2.8011650e-02   4.9068867e-03  -3.5440440e-04  -1.1315082e-04   6.2035729e-04
   2.6381309e-02   1.1924379e-02   4.4438970e-03  -5.0436061e-04  -2.2794103e-04   7.0257973e-04
   2.2690656e-02   4.3216512e-02  -4.2955219e-04  -5.2181524e-04  -1.0511536e-04   8.0057690e-04
   1.7292891e-03   2.1087062e-02   2.7586376e-03  -4.4962318e-04  -1.3678578e-04   3.9348715e-04
   1.3771733e-02   2.0691218e-02  -3.8873400e-03  -3.8587117e-04  -1.1914360e-05   4.1892345e-04
   7.3795500e-03   3.3544385e-02   3.5347666e-03  -4.7189632e-04   2.3944230e-05   4.7877842e-04
   1.5053051e-02   2.9710655e-02   4.7452089e-03  -6.2049063e-04  -5.3061372e-05   5.1155987e-04
   3.2252276e-03  -1.8009202e-02   1.9758588e-02  -7.5185570e-04  -1.3293253e-04   4.5729848e-04
   1.0980515e-02   1.4210010e-02   2.3985677e-02  -6.7782599e-04  -1.5291080e-04   5.5865536e-04
   2.7256283e-02   2.8232526e-02   9.6631339e-03  -5.9854768e-04  -1.8638216e-04   4.5876526e-04
   3.9219066e-03   1.3212873e-02   1.3664892e-02  -5.7435278e-04  -2.5262560e-04   4.7688107e-04
   1.8607442e-02   1.9516798e-02   2.1305232e-02  -6.1171525e-04  -1.0767424e-04   4.7215532e-04
   1.7625201e-02   3.0758974e-02   5.3376740e-03  -5.6994313e-04  -1.6455737e-04   6.8738382e-04
  -1.1132060e-02   9.8632135e-03   1.9240840e-02  -6.6830033e-04  -2.7120493e-04   3.7353874e-04
  -3.7118080e-03  -3.1166365e-02  -8.6416586e-03  -2.5202595e-04  -5.0703548e-04   1.2123879e-04
   2.5759620e-02   5.7470733e-02   1.2380924e-02  -3.4586437e-04  -4.3999786e-04   4.2532489e-04
   2.6609403e-02   1.2321441e-02   6.8073174e-03  -4.8221242e-04  -3.1949497e-04   6.5460762e-04
   1.9395711e-02   1.2950636e-02   7.3397552e-03  -3.3670650e-04  -2.4524132e-04   7.2013718e-04
   1.8479257e-03  -3.2094894e-03   1.4910141e-02  -5.0072608e-04  -2.8397800e-04   4.7889316e-04
   2.8737668e-02   3.8983259e-02   1.8834144e-02  -5.4340550e-04  -2.1600097e-04   6.8048680e-04
   1.6581395e-02   1.6096175e-02   1.5809052e-02  -4.3902847e-04  -8.1885760e-05   7.2066306e-04
   1.2238723e-02   2.1353501e-02   2.0189319e-02  -6.1060424e-04  -1.1260646e-04   6.6350715e-04
   3.0931842e-02   3.3289951e-02   2.4689498e-02  -6.8004453e-04  -1.6387152e-04   8.3545729e-04
   1.4261429e-02  -5.4064817e-03   1.4468233e-02  -5.7757726e-04  -4.4257561e-05   7.2904369e-04
  -1.9903897e-02   2.7052580e-02   5.1313181e-03  -6.7353191e-04  -1.5656521e-04   4.0855561e-04
   1.2772773e-02   1.4527723e-02   1.2880124e-02  -5.5814202e-04  -1.2123337e-04   2.5651532e-04
   6.6794936e-03   5.4400527e-02   4.8958405e-03  -6.6583584e-04  -1.0117867e-04   3.3670475e-04
   6.8364746e-03   4.6960290e-03  -2.2483189e-03  -6.6365308e-04   1.5432612e-05   3.2788305e-04
   1.6366016e-02   6.1589592e-02   1.4992700e-02  -1.1732170e-03   1.5055415e-04   4.6843056e-04
   2.9427795e-03  -1.2477609e-02   3.3875109e-02  -1.2805593e-03  -5.5450392e-05   4.3698378e-04
   3.5892538e-03   2.1302719e-02   2.5975378e-02  -1.3171650e-03  -1.0165496e-04   3.0269828e-04
   1.3805258e-02   4.8131206e-02   3.0707893e-02  -1.3669614e-03   8.1072916e-05   4.7942433e-04
   2.0456044e-03   7.1860347e-02   6.5094621e-03  -1.1451811e-03  -6.7913360e-05   3.8204596e-04
  -1.8225886e-02  -8.4988909e-02  -1.2918315e-02  -4.4441642e-04  -3.5361657e-04   8.7492335e-05
  -6.6478863e-03   5.4428373e-02   1.5963492e-02  -5.7802103e-04  -4.1470281e-04   2.2868683e-05
   7.3526303e-03   1.9732174e-02   1.0323819e-02  -8.1173202e-04  -3.4485476e-04   2.8875150e-05
   3.3769055e-03  -3.9820994e-02  -8.4516472e-04  -2.5296565e-04  -3.3412652e-04   4.8973696e-05
  -5.7970646e-03   4.1936258e-02   1.3881789e-02  -4.3821185e-04  -3.4231710e-04  -4.9503754e-06
  -1.6059427e-03   7.7977900e-02   1.9884163e-02  -1.2465861e-03  -3.7636902e-04  -1.1492917e-05
   2.3933244e-03  -7.7660673e-02   7.4686555e-03  -5.8316190e-04  -6.6692827e-04  -8.2207044e-06
  -1.0674579e-02  -1.9451025e-03   7.6116049e-03  -2.8992009e-04  -6.2935371e-04  -1.2471087e-04
  -3.9494978e-03   5.8488331e-03  -1.9877873e-02  -1.0525563e-04  -4.3163140e-04  -2.4817048e-04
   2.6408638e-02   5.8917668e-02   1.3254408e-02  -8.4811745e-04  -5.2178456e-04   2.4594167e-04
   1.6232466e-02  -2.1914983e-02   4.6911003e-03  -1.0291304e-03  -5.5481901e-04   5.6272201e-04
   2.2497596e-02   4.8015004e-02  -3.6327703e-03  -1.0146672e-03  -4.3014983e-04   4.6362930e-04
   3.2589163e-03   2.6528728e-02   2.8623949e-02  -1.5241734e-03  -4.7257443e-04   3.3543967e-04
   1.6665343e-02  -3.8883627e-02   6.8500847e-03  -1.1400459e-03  -7.0319196e-04   4.2917058e-04
   2.4845942e-02   3.9465454e-02  -6.1752195e-03  -7.4838550e-04  -5.5092125e-04   5.4130850e-04
  -3.9449387e-03   4.7104519e-03  -7.5451795e-04  -1.0104957e-03  -7.3555292e-04   3.5351960e-04
   2.4890080e-02   2.6403588e-02  -3.3291670e-03  -1.3403593e-03  -6.6224542e-04   4.5597486e-04
   4.2184735e-03   1.4005834e-02   1.8329624e-03  -1.6737240e-03  -5.9865859e-04   3.6703283e-04
   1.2052011e-02   1.6556244e-02   9.9923985e-03  -1.9144820e-03  -7.6666480e-04   4.2558177e-04
   1.5389296e-02  -5.1886097e-03  -1.5951666e-02  -1.4697936e-03  -7.1828508e-04   5.1223493e-04
   4.5040774e-03   4.5497035e-02  -4.9087380e-03  -1.7008938e-03  -7.1640396e-04   2.6382116e-04
   5.9445621e-03   3.5570708e-02  -1.6748298e-02  -1.7944763e-03  -6.9336913e-04   1.7137311e-04
   2.3012034e-03   3.1918940e-02  -5.0569439e-03  -1.8278075e-03  -6.8715835e-04   1.1839844e-04
   3.9191205e-03   2.1106892e-02  -6.6670459e-03  -1.8226273e-03  -8.3706521e-04   1.3065604e-04
   7.4214520e-03   3.4526477e-02   7.1232844e-03  -2.0392132e-03  -8.4073997e-04   8.0781087e-05
   1.4294085e-02   2.2996547e-02  -2.5380296e-03  -1.8422661e-03  -8.9423872e-04   3.7304066e-04
   2.1537962e-02   2.1232179e-02   1.0457344e-02  -1.7495418e-03  -8.6110094e-04   5.4494168e-04
   7.1697648e-03   2.2023842e-02  -8.2681798e-03  -1.3978497e-03  -8.9941787e-04   4.9279105e-04
   1.3501944e-02   1.3320148e-02   2.0957018e-03  -1.6714760e-03  -8.3220771e-04   5.2835432e-04
   1.1672296e-02   2.4162698e-02   1.7592186e-02  -1.7072020e-03  -8.8420799e-04   5.0495099e-04
   1.7020460e-02   1.3616698e-02  -9.5254813e-03  -1.2766235e-03  -8.2361782e-04   5.1875566e-04
   1.1810152e-02   1.1281445e-02  -2.4297921e-02  -9.1289347e-04  -6.6731761e-04   5.4640326e-04
   2.4421667e-02   4.0294064e-02  -2.1585057e-02  -9.6273725e-04  -5.9956018e-04   5.5052089e-04
   4.0882496e-02   1.2850784e-02  -4.7146037e-02  -7.8683782e-04  -4.2897838e-04   8.1715914e-04
   6.3638355e-03   2.5815505e-02  -3.1985661e-02  -8.6092146e-04  -4.7215857e-04   6.4891053e-04
   1.9163431e-02   2.6132790e-02  -3.2073188e-02  -7.4025686e-04  -6.5482577e-04   4.7411972e-04
   1.5977225e-02   6.0268838e-03  -4.2407648e-02  -8.9866078e-04  -5.1039308e-04   5.1318080e-04
   1.6810840e-02   3.2736201e-02  -2.5194676e-02  -1.1102299e-03  -4.5405991e-04   6.1076281e-04
   2.5433605e-02  -8.1014556e-03  -1.8796918e-02  -1.1709366e-03  -4.1354095e-04   5.8381642e-04
   7.0831367e-03   9.0209442e-03  -3.6153642e-02  -1.1689802e-03  -6.1465751e-04   5.7951960e-04
   2.6279031e-02   2.5507558e-02  -3.2558171e-02  -1.1222153e-03  -3.2930769e-04   6.6636126e-04
   2.6911553e-03   2.5139903e-02  -2.1489741e-02  -1.6126622e-03  -4.5646115e-04   5.1255939e-04
   1.7924838e-02   1.7229942e-02  -6.7726215e-03  -1.6464448e-03  -5.7647389e-04   5.6613867e-04
   1.8145795e-02   1.1047214e-02  -3.2661907e-03  -1.6157772e-03  -4.8984388e-04   6.4534135e-04
   2.6447846e-02   1.4093974e-02  -1.3531669e-02  -1.4435436e-03  -4.8278941e-04   7.4571432e-04
   2.6073398e-02   2.3931900e-02  -2.9021471e-02  -1.5648758e-03  -3.2092698e-04   8.3670401e-04
   3.5400684e-03   3.3589675e-03  -1.9807511e-02  -1.6043758e-03  -5.9731970e-04   8.1201498e-04
   8.2395206e-03  -1.0020205e-02  -2.1751185e-02  -1.2736539e-03  -5.4100196e-04   5.8312100e-04
   2.6433586e-02   3.3547892e-02  -2.5621401e-02  -1.0656447e-03  -5.2851270e-04   7.3238256e-04
   1.0337580e-02   4.7643541e-02  -3.0471268e-02  -1.0668379e-03  -5.7972066e-04   5.4073178e-04
   2.0157379e-03  -3.9843328e-02  -2.7038704e-02  -1.0891626e-03  -6.0780599e-04   3.1881607e-04
   1.4821057e-02   7.6484394e-02  -3.9650307e-02  -1.3569335e-03  -6.3332994e-04   3.7128880e-04
   1.9313272e-02   7.0078016e-03  -2.7933273e-02  -1.7212207e-03  -6.4140140e-04   5.0306993e-04
   7.8221358e-03   5.3879689e-03  -2.7532007e-02  -1.8136652e-03  -6.6216089e-04   4.1355401e-04
  -2.4403576e-03  -3.7043900e-02  -2.5884911e-02  -1.3027805e-03  -7.4389292e-04   2.2320384e-04
  -5.9779291e-03  -3.1235660e-03  -1.8779770e-02  -1.1912466e-03  -7.2062832e-04   6.2415419e-05
   1.8726158e-03  -1.6470780e-02  -4.3713663e-02  -4.5323626e-04  -5.6446620e-04  -8.9173942e-05
   3.7413609e-04   6.4169550e-02  -2.5303310e-02  -1.0656056e-03  -6.3241477e-04   1.6542992e-05
   9.1289567e-03   1.2785152e-02  -7.1313427e-03  -1.8381151e-03  -7.0932571e-04   1.4526228e-04
  -5.6319768e-03  -1.0897889e-01  -1.1026149e-02  -1.1179614e-03  -9.4421967e-04   6.7237423e-06
   8.7059329e-03   6.1347111e-02  -1.7716806e-02  -7.9084806e-04  -7.5523116e-04   3.3189208e-05
   7.8056432e-03   2.8751877e-02  -3.0991378e-02  -6.9955779e-04  -8.5866720e-04   3.1442872e-05
   7.8898608e-03  -7.9653788e-03  -3.1742404e-02  -5.9523952e-04  -7.5932108e-04  -2.4113493e-05
   8.4580179e-03   3.5263964e-02  -4.3352965e-02  -1.1020070e-03  -7.9540324e-04   1.9136638e-06
   9.3665062e-03   9.5776279e-03  -3.4989009e-02  -1.2048191e-03  -7.7974152e-04   1.5329838e-04
  -9.6357853e-04   1.0687523e-03  -4.2539298e-02  -1.0801394e-03  -8.9458404e-04   1.7014339e-05
   1.6206766e-03  -1.6002559e-03  -3.0282512e-02  -1.2937102e-03  -1.1421864e-03  -1.1696835e-05
   1.9311279e-02  -2.5488998e-02  -5.3245504e-02  -6.8705536e-04  -1.0835043e-03   2.3790240e-04
   3.5360924e-03   1.1239420e-02  -6.1156724e-02  -6.4513919e-04  -9.9904036e-04   9.6313574e-05
  -1.3809922e-02   9.0032258e-03  -5.0506480e-02  -8.3401548e-04  -1.1788961e-03  -1.7853644e-04
   8.1458993e-03   1.1924853e-03  -4.2682389e-02  -8.8151971e-04  -1.2976371e-03  -2.2085172e-04
   9.2910682e-03  -3.8474468e-03  -4.3135270e-02  -8.4386422e-04  -1.3188079e-03  -6.0689648e-05
   6.1432730e-03   4.0923723e-02  -4.4457587e-02  -1.2491688e-03  -1.4048785e-03  -3.7689696e-05
   1.6420935e-02  -1.6860721e-02  -4.0022132e-02  -1.2080092e-03  -1.4094521e-03   7.6529279e-05
   6.4191708e-03  -3.2535572e-04  -2.1912858e-02  -1.2998905e-03  -1.6472953e-03   7.6942376e-06
   9.3697823e-03  -2.8412717e-02  -4.5762273e-02  -8.5711351e-04  -1.5971963e-03  -3.6533814e-05
  -1.8664476e-03   1.2078545e-02  -4.7235849e-02  -1.0883249e-03  -1.6368215e-03  -1.2099422e-04
   1.8269890e-02  -2.4178621e-02  -4.9279312e-02  -9.3445834e-04  -1.6392784e-03  -1.2450397e-04
   7.2696404e-03   1.5266133e-02  -6.3085428e-02  -7.4353255e-04  -1.5860705e-03  -1.4148391e-04
   6.9108773e-03   1.1739993e-02  -4.9184329e-02  -1.0192765e-03  -1.5951528e-03  -2.0068752e-04
  -3.3185044e-03  -3.1400323e-02  -6.5773848e-02  -8.8915028e-04  -1.7324601e-03  -3.8358829e-04
  -6.3334651e-03   1.0507572e-03  -6.6784142e-02  -1.0116279e-03  -1.6665819e-03  -4.9382664e-04
   8.8805919e-03   1.4866768e-02  -7.7753465e-02  -1.0045369e-03  -1.6898883e-03  -5.1839020e-04
  -6.3495890e-03  -4.9483315e-03  -7.9116274e-02  -1.1171892e-03  -1.7503502e-03  -5.3590128e-04
  -4.5608337e-03  -5.9437671e-03  -7.4821159e-02  -1.1114479e-03  -1.9270192e-03  -5.9564879e-04
   8.7118474e-03   6.2430175e-03  -8.0144698e-02  -1.1528172e-03  -1.6661050e-03  -6.4547128e-04
  -1.2312303e-03   2.3068633e-02  -6.3504527e-02  -1.2136445e-03  -1.6415922e-03  -6.4219312e-04
   3.7361345e-04   1.2433265e-02  -7.0086892e-02  -1.4050648e-03  -1.6140863e-03  -6.5432353e-04
   5.4724231e-03   2.6854399e-02  -4.5799613e-02  -1.5743729e-03  -1.6779151e-03  -5.1588659e-04
   3.3737602e-05  -5.1350263e-03  -4.3376383e-02  -1.4723639e-03  -1.8245318e-03  -4.4449954e-04
   3.5318251e-03   3.8048760e-02  -5.9303481e-02  -1.5233613e-03  -1.5704491e-03  -4.2048720e-04
  -8.9938979e-04  -1.7024497e-02  -5.6177396e-02  -1.5724537e-03  -1.7508549e-03  -4.0614267e-04
  -8.4966551e-03  -2.6158888e-02  -5.8645603e-02  -1.1316260e-03  -1.7955103e-03  -5.6395099e-04
   1.3639538e-02   4.4601571e-02  -7.1486681e-02  -9.3879528e-04  -1.7982516e-03  -5.1175932e-04
  -3.6852557e-02  -3.2434774e-02  -6.4731902e-02  -1.0743808e-03  -1.9400301e-03  -9.0325046e-04
  -6.5970659e-04   1.1103615e-02  -6.6999828e-02  -1.2050757e-03  -2.0097773e-03  -9.8381188e-04
  -1.4337664e-02   2.5908238e-02  -4.3664082e-02  -1.2825437e-03  -2.0501019e-03  -1.1360626e-03
  -7.3619532e-04  -5.7554695e-02  -5.9711712e-02  -1.1650345e-03  -2.1102667e-03  -1.1324009e-03
  -6.2766275e-03   6.4110229e-02  -5.7635795e-02  -1.3913305e-03  -2.1102931e-03  -9.9920349e-04
  -4.4302693e-03   2.7416640e-02  -7.1474293e-02  -1.7175976e-03  -2.1891098e-03  -1.1001399e-03
  -2.0864833e-02  -7.0016759e-02  -7.0397233e-02  -1.2821992e-03  -2.4626486e-03  -1.2291850e-03
  -2.7946281e-02  -6.0851732e-02  -1.2300852e-02   1.6249360e-03   1.8932303e-04   6.6493892e-05
  -2.9947929e-03   1.0979815e-03   4.5586665e-03   1.0709419e-03   7.4014609e-05   3.3854841e-05
  -4.5567604e-03   2.0180136e-02  -1.0679852e-03   7.6024814e-04  -2.7315167e-06   4.7097409e-05
  -4.6997304e-03  -5.1476608e-03   2.0566801e-02   6.6424010e-04  -2.7396974e-04   2.9071801e-04
  -4.1896091e-03  -1.5976436e-01  -4.1327646e-02   1.8371931e-03  -7.6090690e-04   3.3672509e-04
   1.9963815e-03   2.1874499e-02   9.1207219e-04   1.8113439e-03  -1.1933084e-03   2.5972900e-04
   1.4423704e-02  -6.0257252e-02  -3.8580353e-03   2.2288158e-03  -1.1168500e-03   2.2091777e-04
   8.2647918e-03   3.4477498e-03   1.2757225e-02   1.8892014e-03  -8.7107942e-04   2.9786478e-04
   1.2409954e-02  -1.7549913e-02   3.9018766e-02   1.4736090e-03  -1.2429008e-03   3.3008238e-04
   1.1488972e-03  -1.1709323e-01   3.0525549e-02   1.6805216e-03  -1.2896235e-03   2.9128070e-04
   5.1483385e-03  -1.8996454e-02   4.1821506e-02   1.7287927e-03  -1.1556007e-03   2.3294331e-04
   3.4632290e-02  -6.2069849e-03   3.6960528e-02   1.7407509e-03  -1.1231809e-03   5.8000608e-04
   9.5576627e-03   1.8454141e-02   3.8060364e-02   1.2541516e-03  -1.2278599e-03   4.6735909e-04
   1.9843033e-02  -8.1222051e-02   3.9846227e-02   1.2991570e-03  -1.1898534e-03   5.3034641e-04
   2.8795164e-02  -7.1887770e-04   3.8961658e-02   1.3949626e-03  -1.0884071e-03   6.1212714e-04
   5.6831039e-05  -8.2527585e-02   4.8584795e-02   1.4612805e-03  -1.2767360e-03   4.1859441e-04
   5.7428035e-03  -9.5732608e-03   4.6022291e-02   1.2977975e-03  -1.0254989e-03   2.3675327e-04
  -5.6432837e-03  -3.8649645e-02   5.6247504e-02   1.0747397e-03  -1.2515665e-03   1.7222489e-04
   2.4433302e-03  -2.6456116e-02   5.7211021e-02   1.0990207e-03  -1.6009703e-03   1.2426376e-04
   1.0733741e-02  -2.7998974e-02   6.4321353e-02   8.1163508e-04  -1.5174918e-03   2.3906468e-04
   3.3141699e-03  -2.1228842e-02   6.1449695e-02   7.8578699e-04  -1.4803540e-03   1.8139319e-04
   1.2727048e-02  -1.2053481e-02   9.2526435e-02   5.4530025e-04  -1.6449075e-03   2.2384994e-04
   1.9145298e-02  -1.0053965e-01   8.1147004e-02   9.2916100e-04  -1.5579240e-03   2.8203530e-04
  -9.9570841e-03  -4.7013526e-02   8.4524136e-02   1.2399770e-03  -1.4723593e-03   7.6655275e-05
  -8.8727795e-05  -1.3388735e-02   9.1806577e-02   1.2875398e-03  -1.6818482e-03  -1.8764596e-06
   8.5528055e-03  -5.9454391e-02   8.6583714e-02   1.5889273e-03  -1.4806806e-03  -1.5723802e-05
   3.2019066e-03  -5.5744762e-03   1.0232823e-01   1.4002055e-03  -1.4872811e-03   3.5394690e-05
   1.2414474e-02  -4.9762859e-02   1.0772315e-01   1.2444726e-03  -1.4431156e-03   2.9263410e-06
   1.7948336e-03  -3.5152165e-02   1.0304976e-01   1.2340239e-03  -1.5614911e-03  -4.3319204e-05
  -1.0299396e-02  -1.1401237e-02   9.4131345e-02   1.3446668e-03  -1.7040115e-03  -2.7469536e-04
   2.7619943e-03  -3.4179012e-02   1.1338637e-01   7.2813201e-04  -1.6911516e-03  -2.0570423e-04
   5.5796529e-03  -6.9877089e-02   1.1206347e-01   1.2182523e-03  -1.8080574e-03  -1.5495884e-04
  -2.0752069e-02  -4.1354006e-02   1.0365540e-01   1.2240036e-03  -1.8922615e-03  -4.1423279e-04
  -1.3451416e-02  -3.7159807e-02   9.6234714e-02   1.4743438e-03  -1.7632213e-03  -5.7512717e-04
  -6.8392122e-04  -5.5726359e-03   9.8669609e-02   1.2055561e-03  -1.6546621e-03  -4.9800884e-04
  -6.2871030e-04  -7.6960766e-03   1.2640409e-01   5.6893497e-04  -1.6331204e-03  -3.4705397e-04
  -1.5609102e-03  -9.7253192e-02   1.2960682e-01   9.7312302e-04  -1.9321509e-03  -1.9060782e-04
  -2.3335760e-02  -6.0936948e-02   1.1449180e-01   1.2606788e-03  -2.0509228e-03  -5.1484025e-04
   1.0793362e-02   3.0764579e-02   4.1053703e-02   2.5050262e-03  -2.0356080e-03  -3.4549448e-04
  -1.2773564e-02  -3.6333604e-02   9.5019189e-02   1.8798731e-03  -2.0827313e-03  -4.8089667e-04
  -1.8643559e-03  -4.3040806e-02   1.2564919e-01   1.1691430e-03  -2.1974875e-03  -2.6862282e-04
   2.0088421e-02  -6.4001459e-02   1.1747604e-01   1.5782221e-03  -2.0555415e-03  -7.3038108e-05
  -1.2886216e-03  -8.9685716e-02   1.0261545e-01   2.4665426e-03  -2.0799161e-03  -8.2888938e-05
  -2.2638980e-02   8.9693057e-02  -1.8332069e-02  -1.3039956e-03   3.7368050e-04   1.9196649e-04
   2.1071354e-02   2.6139442e-02  -3.6002618e-03  -1.2568607e-03   6.7009843e-05   2.5962474e-04
  -5.7455117e-03  -3.1834542e-02   8.7024648e-03  -1.4972615e-03  -1.8845122e-04   2.5957408e-04
  -3.2508619e-03  -7.2693720e-02  -6.3978001e-03  -8.8827240e-04  -2.8765485e-05   2.1905150e-04
  -7.0437569e-03  -2.9539530e-02  -2.3045114e-02  -2.3992186e-04  -1.7947371e-05   2.4029990e-05
   8.9913701e-03   7.1124119e-02  -1.4473418e-03  -9.1066969e-04   2.7061072e-05   1.2705203e-04
   2.1812777e-02  -3.6658237e-02   1.1601458e-02  -1.1094845e-03  -6.7215894e-05   4.0284453e-04
  -1.6188790e-03  -1.2027592e-01   1.2040221e-03  -4.2366813e-04  -5.1215457e-05   3.5858184e-04
   1.6921656e-02   3.9388401e-02   1.0451428e-02  -5.9352463e-04  -1.5852012e-04   4.0111015e-04
  -9.9216513e-04  -1.1122276e-02   1.9831943e-02  -8.7305009e-04  -9.8344659e-05   2.7223260e-04
   2.0434862e-02   3.1404621e-02   4.4316405e-02  -1.4713376e-03  -1.7565166e-04   4.2603970e-04
   1.5607641e-02  -1.3938892e-01   2.3117731e-02  -8.0185172e-04  -8.0038640e-05   4.4175544e-04
   1.4278934e-02   4.2618547e-02   3.3627230e-04  -5.2905703e-04   5.1656390e-05   5.1059728e-04
   1.5022178e-02  -2.0089394e-02   4.7599971e-03  -6.4989546e-04   1.7874488e-04   6.1460626e-04
   2.7778530e-02   2.5379870e-02   3.1127260e-03  -1.0190290e-03   3.0040960e-04   8.5180184e-04
   1.4451246e-02  -1.4914629e-02   1.5929461e-02  -1.1897015e-03   1.1347958e-04   9.4020851e-04
   7.5839811e-03  -7.6852906e-03   1.0290721e-02  -1.3964195e-03   2.1969708e-05   9.1267233e-04
   9.8594423e-03  -4.2474350e-02   1.3497732e-02  -1.2103627e-03  -1.1789839e-04   8.6996655e-04
   1.6108975e-02  -2.5545984e-02  -4.0429493e-03  -6.9371160e-04  -4.2829026e-06   8.7876921e-04
   7.4522440e-03   1.0042036e-02  -3.6854532e-03  -7.8279138e-04  -1.8903775e-04   8.1400909e-04
   4.6171611e-02   1.6029854e-02   1.3840406e-02  -8.2391422e-04   1.3174008e-04   1.1421090e-03
   1.1740226e-02   4.4928568e-02   5.1483029e-02  -1.4189369e-03  -4.0790920e-04   1.3747043e-03
   3.3341446e-02  -1.2982330e-01   2.5207080e-02  -8.4802356e-04  -3.1644325e-04   1.2944606e-03
   1.4210557e-02   6.8021901e-02  -3.0426193e-02   3.9868479e-07  -2.9171270e-04   1.0908565e-03
   3.2897218e-02   1.2089563e-02   1.1885161e-02  -9.0777937e-04  -3.2088178e-04   1.2859279e-03
   3.0378173e-02  -1.8945160e-02   4.0543031e-02  -1.2180848e-03  -3.5195917e-04   1.3926627e-03
   2.1430636e-02  -4.3649014e-02   3.9506752e-02  -1.0847855e-03  -4.4967038e-04   1.4089147e-03
   2.5864719e-02  -3.1449971e-02   2.1793832e-02  -3.5940497e-04  -4.5830621e-04   1.3870109e-03
